timestamp,x,y,l_x,l_y,r_x,r_y,pupil_l,pupil_r,event_type,fixation_x,fixation_y,event_duration,fixation_id,merged,event_id,aoi_type,aoi,aoi_id
0.0,1244.389877319336,696.7549037933348,0.491041898727417,0.4993677139282226,0.4860897958278656,0.4838575720787048,3.3419342041015625,3.2857208251953125,Fixation,1244.1005198160808,687.1522790193558,284.0,1.0,True,1,image,,11.0
4.0,1252.8922271728513,650.5251216888427,0.4967004060745239,0.4887776970863342,0.4894110262393951,0.451753556728363,3.356796264648437,3.3357696533203125,Fixation,1244.1005198160808,687.1522790193558,284.0,1.0,True,1,image,,11.0
8.0,1247.0297241210935,651.2400484085082,0.4931027293205261,0.4542054831981659,0.4871209859848022,0.4522500336170196,3.3855743408203125,3.3758087158203125,Fixation,1244.1005198160808,687.1522790193558,284.0,1.0,True,1,image,,11.0
12.0,1265.2384948730466,643.5765695571899,0.488659143447876,0.4482409060001373,0.4942337870597839,0.4469281733036041,3.391357421875,3.36602783203125,Fixation,1244.1005198160808,687.1522790193558,284.0,1.0,True,1,image,,11.0
16.0,1259.9079132080076,636.4369583129883,0.5000674724578857,0.4520536065101623,0.492151528596878,0.4419701099395752,3.389495849609375,3.374267578125,Fixation,1244.1005198160808,687.1522790193558,284.0,1.0,True,1,image,,11.0
20.0,1274.8887634277341,634.986720085144,0.4911302328109741,0.4692384600639343,0.4980034232139587,0.4409630000591278,3.3667449951171875,3.3687744140625,Fixation,1244.1005198160808,687.1522790193558,284.0,1.0,True,1,image,,11.0
24.0,1254.75715637207,655.2410459518433,0.4886570274829864,0.4778140783309936,0.4901395142078399,0.4550285041332245,3.3357391357421875,3.37249755859375,Fixation,1244.1005198160808,687.1522790193558,284.0,1.0,True,1,image,,11.0
28.0,1243.6765289306638,679.9320888519286,0.4940651357173919,0.4861367046833038,0.4858111441135406,0.4721750617027282,3.3642120361328125,3.33447265625,Fixation,1244.1005198160808,687.1522790193558,284.0,1.0,True,1,image,,11.0
32.0,1246.097640991211,687.8344774246216,0.4938312470912933,0.4893164336681366,0.4867568910121918,0.4776628315448761,3.36163330078125,3.335922241210937,Fixation,1244.1005198160808,687.1522790193558,284.0,1.0,True,1,image,,11.0
36.0,1238.1226348876953,679.6945524215698,0.4874348938465118,0.4941469132900238,0.483641654253006,0.4720101058483124,3.362152099609375,3.328964233398437,Fixation,1244.1005198160808,687.1522790193558,284.0,1.0,True,1,image,,11.0
40.0,1252.944564819336,699.1259336471558,0.4880880117416382,0.4919103384017944,0.4894314706325531,0.4855041205883026,3.363861083984375,3.3319854736328125,Fixation,1244.1005198160808,687.1522790193558,284.0,1.0,True,1,image,,11.0
44.0,1245.4230499267576,701.9475317001343,0.4948147237300873,0.4942313134670257,0.4864933788776397,0.4874635636806488,3.3689117431640625,3.33465576171875,Fixation,1244.1005198160808,687.1522790193558,284.0,1.0,True,1,image,,11.0
48.0,1244.4340515136719,689.971661567688,0.4945992529392242,0.4882489442825317,0.4861070513725281,0.4791469871997833,3.376617431640625,3.3162841796875,Fixation,1244.1005198160808,687.1522790193558,284.0,1.0,True,1,image,,11.0
52.0,1243.470458984375,700.0836753845215,0.4879482984542846,0.4887227118015289,0.4857306480407715,0.4861692190170288,3.3839874267578125,3.3332672119140625,Fixation,1244.1005198160808,687.1522790193558,284.0,1.0,True,1,image,,11.0
56.0,1238.751220703125,702.2722291946411,0.4910154342651367,0.4883184134960174,0.4838871955871582,0.4876890480518341,3.39794921875,3.34033203125,Fixation,1244.1005198160808,687.1522790193558,284.0,1.0,True,1,image,,11.0
60.0,1243.0841827392578,686.369433403015,0.4960665106773376,0.4813846945762634,0.4855797588825226,0.4766454398632049,3.38525390625,3.3329315185546875,Fixation,1244.1005198160808,687.1522790193558,284.0,1.0,True,1,image,,11.0
64.0,1245.6118774414062,692.6075649261473,0.4963199198246002,0.4805811941623688,0.4865671396255493,0.4809774756431579,3.389801025390625,3.342529296875,Fixation,1244.1005198160808,687.1522790193558,284.0,1.0,True,1,image,,11.0
68.0,1242.8646850585938,698.3976602554321,0.4894799590110779,0.4837991297245025,0.4854940176010132,0.4849983751773834,3.414154052734375,3.342681884765625,Fixation,1244.1005198160808,687.1522790193558,284.0,1.0,True,1,image,,11.0
72.0,1242.6972961425781,700.9796190261841,0.4876739084720611,0.4850949347019195,0.4854286313056946,0.4867914021015167,3.4118804931640625,3.3514862060546875,Fixation,1244.1005198160808,687.1522790193558,284.0,1.0,True,1,image,,11.0
76.0,1238.238830566406,687.464075088501,0.4929206371307373,0.4822337627410888,0.4836870431900024,0.4774056077003479,3.414779663085937,3.3341522216796875,Fixation,1244.1005198160808,687.1522790193558,284.0,1.0,True,1,image,,11.0
80.0,1233.5733032226562,691.8531131744385,0.5004081130027771,0.4858773052692413,0.4818645715713501,0.4804535508155823,3.4069976806640625,3.3546295166015625,Fixation,1244.1005198160808,687.1522790193558,284.0,1.0,True,1,image,,11.0
84.0,1239.5481872558591,674.3467426300049,0.4943434000015259,0.4818373024463653,0.48419851064682,0.4682963490486145,3.40008544921875,3.35186767578125,Fixation,1244.1005198160808,687.1522790193558,284.0,1.0,True,1,image,,11.0
88.0,1226.7969512939453,689.4728994369506,0.490900456905365,0.4859644174575805,0.4792175590991974,0.4788006246089935,3.4235076904296875,3.35040283203125,Fixation,1244.1005198160808,687.1522790193558,284.0,1.0,True,1,image,,11.0
92.0,1239.0803527832031,685.3675317764282,0.4913541376590729,0.4871021509170532,0.4840157628059387,0.4759496748447418,3.430389404296875,3.3590240478515625,Fixation,1244.1005198160808,687.1522790193558,284.0,1.0,True,1,image,,11.0
96.0,1242.8739929199219,689.3172025680541,0.4902270138263702,0.4856394231319427,0.4854976534843445,0.4786925017833709,3.4179840087890625,3.358993530273437,Fixation,1244.1005198160808,687.1522790193558,284.0,1.0,True,1,image,,11.0
100.0,1238.3313751220703,680.6005811691284,0.4945557415485382,0.4795645773410797,0.4837231934070587,0.4726392924785614,3.4261474609375,3.352157592773437,Fixation,1244.1005198160808,687.1522790193558,284.0,1.0,True,1,image,,11.0
104.0,1224.1136169433591,686.8001317977904,0.4957774877548218,0.4868063926696777,0.4781693816184997,0.4769445359706878,3.427490234375,3.3708038330078125,Fixation,1244.1005198160808,687.1522790193558,284.0,1.0,True,1,image,,11.0
108.0,1227.7474212646484,689.8860883712767,0.4973295927047729,0.4874750673770904,0.4795888364315033,0.4790875613689422,3.440093994140625,3.3647003173828125,Fixation,1244.1005198160808,687.1522790193558,284.0,1.0,True,1,image,,11.0
112.0,1241.7807006835938,693.5432910919188,0.4928140938282013,0.4802624881267547,0.4850705862045288,0.4816272854804992,3.4399871826171875,3.373046875,Fixation,1244.1005198160808,687.1522790193558,284.0,1.0,True,1,image,,11.0
116.0,1245.2266693115232,688.9498043060303,0.4902652502059936,0.4838986396789551,0.4864166676998138,0.4784373641014099,3.434417724609375,3.380477905273437,Fixation,1244.1005198160808,687.1522790193558,284.0,1.0,True,1,image,,11.0
120.0,1239.1535186767578,692.5755500793456,0.4910747706890106,0.4816247224807739,0.4840443432331085,0.4809552431106567,3.43450927734375,3.38690185546875,Fixation,1244.1005198160808,687.1522790193558,284.0,1.0,True,1,image,,11.0
124.0,1244.3809509277341,695.4869699478149,0.4928599596023559,0.4743458032608032,0.4860863089561462,0.4829770624637604,3.4427947998046875,3.408233642578125,Fixation,1244.1005198160808,687.1522790193558,284.0,1.0,True,1,image,,11.0
128.0,1257.0003509521484,693.1060695648193,0.494256317615509,0.4836283922195434,0.491015762090683,0.4813236594200134,3.4409637451171875,3.3789825439453125,Fixation,1244.1005198160808,687.1522790193558,284.0,1.0,True,1,image,,11.0
132.0,1247.152099609375,696.7499685287474,0.4962266683578491,0.4806875884532928,0.4871687889099121,0.4838541448116302,3.4371337890625,3.3875885009765625,Fixation,1244.1005198160808,687.1522790193558,284.0,1.0,True,1,image,,11.0
136.0,1244.3590545654295,697.1087408065796,0.4958270490169525,0.4858951270580292,0.4860777556896209,0.4841032922267914,3.45263671875,3.392440795898437,Fixation,1244.1005198160808,687.1522790193558,284.0,1.0,True,1,image,,11.0
140.0,1245.4438781738281,675.0794363021851,0.4975746572017669,0.484070211648941,0.4865015149116516,0.4688051640987396,3.4469146728515625,3.3728790283203125,Fixation,1244.1005198160808,687.1522790193558,284.0,1.0,True,1,image,,11.0
144.0,1230.3105926513672,679.772572517395,0.493118554353714,0.4788851141929626,0.4805900752544403,0.4720642864704132,3.438232421875,3.3824005126953125,Fixation,1244.1005198160808,687.1522790193558,284.0,1.0,True,1,image,,11.0
148.0,1233.0662536621094,690.2954578399658,0.4923582971096039,0.4797739088535309,0.4816665053367615,0.4793718457221985,3.453826904296875,3.40118408203125,Fixation,1244.1005198160808,687.1522790193558,284.0,1.0,True,1,image,,11.0
152.0,1244.2405700683594,672.4578237533569,0.4942359030246734,0.4795543551445007,0.4860314726829529,0.4669845998287201,3.4618377685546875,3.387451171875,Fixation,1244.1005198160808,687.1522790193558,284.0,1.0,True,1,image,,11.0
156.0,1244.4567108154297,682.7460479736327,0.4924551248550415,0.4814008474349975,0.4861159026622772,0.4741291999816894,3.451507568359375,3.3940582275390625,Fixation,1244.1005198160808,687.1522790193558,284.0,1.0,True,1,image,,11.0
160.0,1248.041534423828,680.8794021606444,0.4941194653511047,0.4766598045825958,0.4875162243843078,0.4728329181671142,3.4440460205078125,3.3907012939453125,Fixation,1244.1005198160808,687.1522790193558,284.0,1.0,True,1,image,,11.0
164.0,1248.0578613281248,699.549250602722,0.4952638447284698,0.4824965596199035,0.4875226020812988,0.4857980906963348,3.460235595703125,3.399566650390625,Fixation,1244.1005198160808,687.1522790193558,284.0,1.0,True,1,image,,11.0
168.0,1238.7218475341795,687.6192998886108,0.5008842349052429,0.4862799942493438,0.4838757216930389,0.4775134027004242,3.4585113525390625,3.4012451171875,Fixation,1244.1005198160808,687.1522790193558,284.0,1.0,True,1,image,,11.0
172.0,1247.2891998291016,686.6352081298827,0.4973247349262237,0.4820288419723511,0.4872223436832428,0.4768300056457519,3.469085693359375,3.3973846435546875,Fixation,1244.1005198160808,687.1522790193558,284.0,1.0,True,1,image,,11.0
176.0,1252.3927307128906,694.6511077880858,0.4977932274341583,0.4805243909358978,0.4892159104347229,0.4823966026306152,3.4653472900390625,3.402984619140625,Fixation,1244.1005198160808,687.1522790193558,284.0,1.0,True,1,image,,11.0
180.0,1244.696578979492,687.7518653869629,0.4959765970706939,0.4775746166706085,0.4862096011638641,0.4776054620742798,3.4535369873046875,3.4076080322265625,Fixation,1244.1005198160808,687.1522790193558,284.0,1.0,True,1,image,,11.0
184.0,1243.7371826171873,691.9676113128661,0.4921334981918335,0.4831410944461822,0.4858348369598388,0.4805330634117126,3.453765869140625,3.412338256835937,Fixation,1244.1005198160808,687.1522790193558,284.0,1.0,True,1,image,,11.0
188.0,1239.798126220703,675.7329940795897,0.492063969373703,0.4893577396869659,0.4842961430549621,0.4692590236663818,3.46575927734375,3.400375366210937,Fixation,1244.1005198160808,687.1522790193558,284.0,1.0,True,1,image,,11.0
192.0,1237.7692413330078,695.0711631774902,0.4939743280410766,0.486684501171112,0.4835036098957062,0.482688307762146,3.4543914794921875,3.42510986328125,Fixation,1244.1005198160808,687.1522790193558,284.0,1.0,True,1,image,,11.0
196.0,1235.4396057128906,690.4878902435303,0.4949880838394165,0.4883568882942199,0.4825935959815979,0.4795054793357849,3.460678100585937,3.415435791015625,Fixation,1244.1005198160808,687.1522790193558,284.0,1.0,True,1,image,,11.0
200.0,1234.6286010742188,687.2437906265258,0.4997344315052032,0.4862740039825439,0.4822767972946167,0.4772526323795318,3.457855224609375,3.421875,Fixation,1244.1005198160808,687.1522790193558,284.0,1.0,True,1,image,,11.0
204.0,1251.845932006836,699.339952468872,0.498617947101593,0.4825047254562378,0.4890023171901703,0.48565274477005,3.459213256835937,3.42120361328125,Fixation,1244.1005198160808,687.1522790193558,284.0,1.0,True,1,image,,11.0
208.0,1252.3473358154297,688.9204072952269,0.4955300390720367,0.4868161678314209,0.4891981780529022,0.4784169495105743,3.4625396728515625,3.4198760986328125,Fixation,1244.1005198160808,687.1522790193558,284.0,1.0,True,1,image,,11.0
212.0,1260.9635162353516,687.0427751541138,0.4956658482551574,0.4890326559543609,0.4925638735294342,0.4771130383014679,3.4751129150390625,3.4244384765625,Fixation,1244.1005198160808,687.1522790193558,284.0,1.0,True,1,image,,11.0
216.0,1256.7519378662107,691.4078664779662,0.4923674166202545,0.4812893271446228,0.4909187257289886,0.4801443517208099,3.471298217773437,3.4242706298828125,Fixation,1244.1005198160808,687.1522790193558,284.0,1.0,True,1,image,,11.0
220.0,1242.3419952392578,696.3218021392822,0.4921461045742035,0.4871975183486938,0.4852898418903351,0.4835568070411682,3.472625732421875,3.4240264892578125,Fixation,1244.1005198160808,687.1522790193558,284.0,1.0,True,1,image,,11.0
224.0,1239.3347930908203,689.3995141983031,0.4932068288326263,0.4834685921669006,0.4841151535511017,0.4787496626377105,3.472900390625,3.425643920898437,Fixation,1244.1005198160808,687.1522790193558,284.0,1.0,True,1,image,,11.0
228.0,1235.7553863525388,700.3718519210815,0.4945159256458282,0.483086347579956,0.4827169477939605,0.4863693416118622,3.4671783447265625,3.428253173828125,Fixation,1244.1005198160808,687.1522790193558,284.0,1.0,True,1,image,,11.0
232.0,1242.1500396728513,703.8654184341431,0.4961701929569244,0.4876861274242401,0.4852148592472076,0.4887954294681549,3.4787750244140625,3.430404663085937,Fixation,1244.1005198160808,687.1522790193558,284.0,1.0,True,1,image,,11.0
236.0,1247.0145416259766,694.6828651428222,0.4985677599906921,0.480668306350708,0.4871150553226471,0.4824186563491821,3.4600830078125,3.4381103515625,Fixation,1244.1005198160808,687.1522790193558,284.0,1.0,True,1,image,,11.0
240.0,1260.9468078613281,699.7060632705688,0.4924036562442779,0.4860094487667084,0.4925573468208313,0.4859069883823395,3.4810028076171875,3.4123687744140625,Fixation,1244.1005198160808,687.1522790193558,284.0,1.0,True,1,image,,11.0
244.0,1252.7346038818357,697.8985548019409,0.4945190846920013,0.4810723960399627,0.4893494546413421,0.4846517741680145,3.4594879150390625,3.431991577148437,Fixation,1244.1005198160808,687.1522790193558,284.0,1.0,True,1,image,,11.0
248.0,1239.6905517578125,691.8134593963622,0.4938597679138183,0.4818723797798157,0.4842541217803955,0.480426013469696,3.4696807861328125,3.4292144775390625,Fixation,1244.1005198160808,687.1522790193558,284.0,1.0,True,1,image,,11.0
252.0,1238.683090209961,707.5865650177002,0.4957736730575561,0.4904604852199554,0.483860582113266,0.4913795590400696,3.4818878173828125,3.4417266845703125,Fixation,1244.1005198160808,687.1522790193558,284.0,1.0,True,1,image,,11.0
256.0,1233.3392333984373,686.4862489700316,0.4967097043991089,0.4811113774776459,0.4817731380462646,0.4767265617847442,3.485092163085937,3.4187469482421875,Fixation,1244.1005198160808,687.1522790193558,284.0,1.0,True,1,image,,11.0
260.0,1242.309875488281,682.9957723617553,0.4943276941776275,0.4847438335418701,0.4852772951126098,0.4743026196956634,3.4751129150390625,3.4213104248046875,Fixation,1244.1005198160808,687.1522790193558,284.0,1.0,True,1,image,,11.0
264.0,1238.0394744873047,692.8944540023804,0.4964701533317566,0.4829819500446319,0.4836091697216034,0.4811767041683197,3.480682373046875,3.426620483398437,Fixation,1244.1005198160808,687.1522790193558,284.0,1.0,True,1,image,,11.0
268.0,1247.409210205078,708.1718015670776,0.4954842627048492,0.4821251928806305,0.4872692227363586,0.4917859733104706,3.4838409423828125,3.43670654296875,Fixation,1244.1005198160808,687.1522790193558,284.0,1.0,True,1,image,,11.0
272.0,1247.4272155761716,699.2134809494019,0.4937331080436706,0.4890320003032684,0.4872762560844421,0.4855649173259735,3.48388671875,3.44158935546875,Fixation,1244.1005198160808,687.1522790193558,284.0,1.0,True,1,image,,11.0
276.0,1234.851608276367,688.985424041748,0.4947284758090973,0.4871542155742645,0.4823639094829559,0.4784621000289917,3.4759674072265625,3.430694580078125,Fixation,1244.1005198160808,687.1522790193558,284.0,1.0,True,1,image,,11.0
280.0,1240.2449798583984,690.1827192306519,0.496761292219162,0.4880606532096863,0.4844706952571869,0.479293555021286,3.5023956298828125,3.4278564453125,Fixation,1244.1005198160808,687.1522790193558,284.0,1.0,True,1,image,,11.0
284.0,1247.3250579833984,679.129614830017,0.499839723110199,0.4808395206928253,0.487236350774765,0.4716177880764007,3.488922119140625,3.427230834960937,Fixation,1244.1005198160808,687.1522790193558,284.0,1.0,True,1,image,,11.0
288.0,1304.9057006835938,641.8011617660521,0.5153884291648865,0.4367550015449524,0.5097287893295288,0.4456952512264251,3.4840545654296875,3.438812255859375,Saccade,,,,0.0,False,2,,,
292.0,1352.0814514160156,574.5846605300903,0.5256782174110413,0.3819694221019745,0.5281568169593811,0.3990171253681183,3.4680328369140625,3.4422607421875,Saccade,,,,0.0,False,2,,,
296.0,1365.0238037109375,502.36998081207275,0.5321702361106873,0.340828537940979,0.533212423324585,0.3488680422306061,3.495147705078125,3.448028564453125,Fixation,1362.7698805067275,473.9862880706787,176.0,2.0,True,3,image,,11.0
300.0,1363.8185119628906,459.23280715942377,0.5337907075881958,0.3232404291629791,0.5327416062355042,0.3189116716384887,3.499008178710937,3.449920654296875,Fixation,1362.7698805067275,473.9862880706787,176.0,2.0,True,3,image,,11.0
304.0,1368.3555603027344,465.1223373413086,0.5425416231155396,0.3016735315322876,0.5345138907432556,0.3230016231536865,3.4829864501953125,3.46441650390625,Fixation,1362.7698805067275,473.9862880706787,176.0,2.0,True,3,image,,11.0
308.0,1374.9858093261719,464.76356506347656,0.5419613718986511,0.2863154113292694,0.5371038317680359,0.3227524757385254,3.46429443359375,3.4686431884765625,Fixation,1362.7698805067275,473.9862880706787,176.0,2.0,True,3,image,,11.0
312.0,1362.2190856933594,483.1743764877319,0.5473202466964722,0.290262222290039,0.5321168303489685,0.3355377614498138,3.4778289794921875,3.498397827148437,Fixation,1362.7698805067275,473.9862880706787,176.0,2.0,True,3,image,,11.0
316.0,1352.4191284179688,487.7057218551636,0.539003849029541,0.3053344190120697,0.528288722038269,0.3386845290660858,3.4576416015625,3.4698486328125,Fixation,1362.7698805067275,473.9862880706787,176.0,2.0,True,3,image,,11.0
320.0,1345.1937866210938,456.73294544219965,0.5355989336967468,0.315304696559906,0.5254663228988647,0.3171756565570831,3.46270751953125,3.416595458984375,Fixation,1362.7698805067275,473.9862880706787,176.0,2.0,True,3,image,,11.0
324.0,1358.8589477539062,462.628698348999,0.5350123047828674,0.3145784735679626,0.5308042764663696,0.3212699294090271,3.46661376953125,3.427001953125,Fixation,1362.7698805067275,473.9862880706787,176.0,2.0,True,3,image,,11.0
328.0,1369.4529724121094,479.20543670654297,0.5405297875404358,0.2953371703624725,0.5349425673484802,0.3327815532684326,3.46875,3.471435546875,Fixation,1362.7698805067275,473.9862880706787,176.0,2.0,True,3,image,,11.0
332.0,1355.9199523925781,499.0186357498169,0.5395720601081848,0.2905419170856476,0.5296562314033508,0.3465407192707062,3.4592742919921875,3.5006256103515625,Fixation,1362.7698805067275,473.9862880706787,176.0,2.0,True,3,image,,11.0
336.0,1353.9260864257812,514.6451425552367,0.540723443031311,0.2985756397247314,0.5288773775100708,0.3573924601078033,3.452056884765625,3.4997100830078125,Fixation,1362.7698805067275,473.9862880706787,176.0,2.0,True,3,image,,11.0
340.0,1354.3449401855469,503.7761878967285,0.5402015447616577,0.2935546636581421,0.5290409922599792,0.3498445749282837,3.441757202148437,3.4647369384765625,Fixation,1362.7698805067275,473.9862880706787,176.0,2.0,True,3,image,,11.0
344.0,1359.78515625,510.07894992828363,0.5412490367889404,0.2949548363685608,0.5311660766601562,0.3542214930057525,3.44439697265625,3.475128173828125,Fixation,1362.7698805067275,473.9862880706787,176.0,2.0,True,3,image,,11.0
348.0,1357.4569702148438,462.3890161514282,0.5425062775611877,0.3022782504558563,0.5302566289901733,0.3211034834384918,3.438934326171875,3.446273803710937,Fixation,1362.7698805067275,473.9862880706787,176.0,2.0,True,3,image,,11.0
352.0,1366.2875366210938,474.9428701400757,0.5385754704475403,0.3049589693546295,0.5337060689926147,0.3298214375972748,3.432098388671875,3.4398345947265625,Fixation,1362.7698805067275,473.9862880706787,176.0,2.0,True,3,image,,11.0
356.0,1371.5299987792969,468.79992485046387,0.5394527912139893,0.2887882888317108,0.5357539057731628,0.3255555033683777,3.3946533203125,3.4265594482421875,Fixation,1362.7698805067275,473.9862880706787,176.0,2.0,True,3,image,,11.0
360.0,1354.896240234375,499.83707427978516,0.5361891984939575,0.2821350395679474,0.5292563438415527,0.3471090793609619,3.388946533203125,3.462249755859375,Fixation,1362.7698805067275,473.9862880706787,176.0,2.0,True,3,image,,11.0
364.0,1351.3763427734375,494.8366212844848,0.5349809527397156,0.2904886305332184,0.527881383895874,0.34363654255867,3.399017333984375,3.440765380859375,Fixation,1362.7698805067275,473.9862880706787,176.0,2.0,True,3,image,,11.0
368.0,1357.4429321289062,502.7769899368286,0.54142826795578,0.29431813955307,0.530251145362854,0.349150687456131,3.404281616210937,3.4345855712890625,Fixation,1362.7698805067275,473.9862880706787,176.0,2.0,True,3,image,,11.0
372.0,1360.8869934082031,463.4081268310547,0.5397297739982605,0.3016579449176788,0.5315964818000793,0.3218111991882324,3.41510009765625,3.3997039794921875,Fixation,1362.7698805067275,473.9862880706787,176.0,2.0,True,3,image,,11.0
376.0,1376.2376403808594,435.8028745651245,0.5411060452461243,0.2980102598667145,0.5375928282737732,0.3026408851146698,3.390350341796875,3.3480987548828125,Fixation,1362.7698805067275,473.9862880706787,176.0,2.0,True,3,image,,11.0
380.0,1359.0705871582031,488.12650680541987,0.537164032459259,0.3054893314838409,0.5308869481086731,0.3389767408370971,3.406112670898437,3.4117889404296875,Fixation,1362.7698805067275,473.9862880706787,176.0,2.0,True,3,image,,11.0
384.0,1369.8136901855469,462.0216608047485,0.5375370383262634,0.3001333475112915,0.5350834727287292,0.3208483755588531,3.3870391845703125,3.3627166748046875,Fixation,1362.7698805067275,473.9862880706787,176.0,2.0,True,3,image,,11.0
388.0,1361.0568237304688,487.51384735107416,0.5384877920150757,0.3008540272712707,0.5316628217697144,0.3385512828826904,3.394927978515625,3.4003143310546875,Fixation,1362.7698805067275,473.9862880706787,176.0,2.0,True,3,image,,11.0
392.0,1363.001708984375,477.19038963317865,0.5381724834442139,0.3035540580749511,0.5324225425720215,0.3313822150230407,3.365631103515625,3.379379272460937,Fixation,1362.7698805067275,473.9862880706787,176.0,2.0,True,3,image,,11.0
396.0,1370.5128479003906,425.1539468765258,0.5395307540893555,0.2986877858638763,0.5353565812110901,0.2952457964420318,3.3667755126953125,3.3174591064453125,Fixation,1362.7698805067275,473.9862880706787,176.0,2.0,True,3,image,,11.0
400.0,1367.4717712402344,474.70035552978516,0.5390192270278931,0.3089627921581268,0.5341686606407166,0.3296530246734619,3.35479736328125,3.35443115234375,Fixation,1362.7698805067275,473.9862880706787,176.0,2.0,True,3,image,,11.0
404.0,1368.5137939453125,478.11697483062744,0.5377757549285889,0.3181728422641754,0.5345757007598877,0.3320256769657135,3.357269287109375,3.3579254150390625,Fixation,1362.7698805067275,473.9862880706787,176.0,2.0,True,3,image,,11.0
408.0,1358.8438415527344,480.50920486450195,0.5406895875930786,0.2905121445655823,0.5307983756065369,0.3336869478225708,3.282211303710937,3.347030639648437,Fixation,1362.7698805067275,473.9862880706787,176.0,2.0,True,3,image,,11.0
412.0,1362.064208984375,485.50133228301996,0.5399870276451111,0.2948907315731048,0.5320563316345215,0.3371537029743194,3.3052215576171875,3.3369293212890625,Fixation,1362.7698805067275,473.9862880706787,176.0,2.0,True,3,image,,11.0
416.0,1365.5325317382812,479.9528503417969,0.5361807346343994,0.2963828146457672,0.5334111452102661,0.3333005905151367,3.30462646484375,3.3226776123046875,Fixation,1362.7698805067275,473.9862880706787,176.0,2.0,True,3,image,,11.0
420.0,1367.5138854980469,473.5872173309326,0.5374780893325806,0.2871023416519165,0.5341851115226746,0.3288800120353699,3.2915496826171875,3.31805419921875,Fixation,1362.7698805067275,473.9862880706787,176.0,2.0,True,3,image,,11.0
424.0,1364.3687438964844,459.128565788269,0.5395694375038147,0.3002957701683044,0.5329565405845642,0.318839281797409,3.3084869384765625,3.301132202148437,Fixation,1362.7698805067275,473.9862880706787,176.0,2.0,True,3,image,,11.0
428.0,1371.5489196777344,456.41395568847656,0.5368933081626892,0.2564082741737366,0.535761296749115,0.3169541358947754,3.21099853515625,3.288848876953125,Fixation,1362.7698805067275,473.9862880706787,176.0,2.0,True,3,image,,11.0
432.0,1359.6182250976562,470.0309944152832,0.5401703119277954,0.3021165132522583,0.531100869178772,0.3264104127883911,3.280792236328125,3.301422119140625,Fixation,1362.7698805067275,473.9862880706787,176.0,2.0,True,3,image,,11.0
436.0,1360.6695556640625,461.2951469421386,0.5349010229110718,0.2987059950828552,0.5315115451812744,0.3203438520431518,3.279632568359375,3.275009155273437,Fixation,1362.7698805067275,473.9862880706787,176.0,2.0,True,3,image,,11.0
440.0,1368.7007141113281,462.42339134216303,0.5366849899291992,0.315792053937912,0.5346487164497375,0.3211273550987243,3.2974853515625,3.261322021484375,Fixation,1362.7698805067275,473.9862880706787,176.0,2.0,True,3,image,,11.0
444.0,1369.0289306640625,458.0529356002807,0.536268949508667,0.2959957122802734,0.5347769260406494,0.3180923163890838,3.2389373779296875,3.2474822998046875,Fixation,1362.7698805067275,473.9862880706787,176.0,2.0,True,3,image,,11.0
448.0,1361.1532592773438,480.3820896148681,0.5418580770492554,0.3115513324737549,0.5317004919052124,0.3335986733436584,3.281829833984375,3.259552001953125,Fixation,1362.7698805067275,473.9862880706787,176.0,2.0,True,3,image,,11.0
452.0,1361.3340759277344,470.9739732742309,0.5384129881858826,0.3027109503746032,0.5317711234092712,0.3270652592182159,3.2504425048828125,3.25555419921875,Fixation,1362.7698805067275,473.9862880706787,176.0,2.0,True,3,image,,11.0
456.0,1359.3548583984375,471.9579792022705,0.5405014157295227,0.3116306066513061,0.5309979915618896,0.3277485966682434,3.252548217773437,3.253143310546875,Fixation,1362.7698805067275,473.9862880706787,176.0,2.0,True,3,image,,11.0
460.0,1367.7958679199219,426.25888824462885,0.5368397235870361,0.31535804271698,0.5342952609062195,0.2960131168365478,3.2431793212890625,3.212997436523437,Fixation,1362.7698805067275,473.9862880706787,176.0,2.0,True,3,image,,11.0
464.0,1367.5697326660156,474.8081588745117,0.5388036370277405,0.2986839115619659,0.5342069268226624,0.3297278881072998,3.2187652587890625,3.231719970703125,Fixation,1362.7698805067275,473.9862880706787,176.0,2.0,True,3,image,,11.0
468.0,1364.5175170898438,464.1054582595825,0.5390241146087646,0.3021456301212311,0.5330146551132202,0.3222954571247101,3.216278076171875,3.2203826904296875,Fixation,1362.7698805067275,473.9862880706787,176.0,2.0,True,3,image,,11.0
472.0,1355.1701354980469,469.9288558959961,0.5342236757278442,0.3095854818820953,0.5293633341789246,0.3263394832611084,3.215927124023437,3.222763061523437,Fixation,1362.7698805067275,473.9862880706787,176.0,2.0,True,3,image,,11.0
476.0,1322.9078674316406,481.82001113891596,0.5125027298927307,0.3296062350273132,0.5167608857154846,0.3345972299575805,3.207733154296875,3.2098388671875,Saccade,,,,0.0,False,4,,,
480.0,1226.7687225341795,491.73538684844965,0.4663002789020538,0.3528084754943847,0.4792065322399139,0.3414829075336456,3.169830322265625,3.1794891357421875,Saccade,,,,0.0,False,4,,,
484.0,1123.7645721435545,553.1042003631591,0.4298839271068573,0.410685122013092,0.438970535993576,0.3841001391410827,3.1729888916015625,3.142562866210937,Saccade,,,,0.0,False,4,,,
488.0,1026.62971496582,617.399067878723,0.3997742235660553,0.4639584422111511,0.4010272324085235,0.4287493526935577,3.1455230712890625,3.120834350585937,Saccade,,,,0.0,False,4,,,
492.0,933.7079620361328,718.1305646896362,0.3660822808742523,0.5375144481658936,0.3647296726703644,0.4987017810344696,3.1485595703125,3.1321563720703125,Saccade,,,,0.0,False,4,,,
496.0,838.0744171142577,812.854471206665,0.3418649435043335,0.6133484244346619,0.3273728191852569,0.5644822716712952,3.1621551513671875,3.11126708984375,Saccade,,,,0.0,False,4,,,
500.0,752.2414398193359,898.3829498291016,0.3060137629508972,0.6813558340072632,0.2938443124294281,0.6238770484924316,3.1226959228515625,3.08880615234375,Saccade,,,,0.0,False,4,,,
504.0,735.6089019775391,989.492998123169,0.3002301454544067,0.7238008975982666,0.2873472273349762,0.6871479153633118,3.10699462890625,3.0858306884765625,Saccade,,,,0.0,False,4,,,
508.0,772.8043365478516,1064.4994926452637,0.3180541694164276,0.7709798812866211,0.3018766939640045,0.7392357587814331,3.100326538085937,3.0569000244140625,Fixation,819.7009871342563,1093.0516563820256,188.0,3.0,True,5,word,little,1.0
512.0,831.236114501953,1101.0449123382568,0.3366236090660095,0.7872273921966553,0.3247016072273254,0.7646145224571228,3.0927276611328125,3.0580596923828125,Fixation,819.7009871342563,1093.0516563820256,188.0,3.0,True,5,word,little,1.0
516.0,853.0344390869141,1091.1203956604004,0.3338570296764374,0.7785711884498596,0.3332165777683258,0.7577224969863892,3.070098876953125,3.031478881835937,Fixation,819.7009871342563,1093.0516563820256,188.0,3.0,True,5,word,little,1.0
520.0,842.7320098876953,1071.1937713623047,0.3355065584182739,0.7706316709518433,0.329192191362381,0.7438845634460449,3.0830841064453125,3.014923095703125,Fixation,819.7009871342563,1093.0516563820256,188.0,3.0,True,5,word,little,1.0
524.0,825.7327270507812,1080.9728908538818,0.3186253011226654,0.7699230313301086,0.3225518465042114,0.750675618648529,3.075286865234375,3.010345458984375,Fixation,819.7009871342563,1093.0516563820256,188.0,3.0,True,5,word,little,1.0
528.0,823.5825347900391,1082.4359607696533,0.319455623626709,0.7810474038124084,0.321711927652359,0.7516916394233704,3.0606689453125,2.9819488525390625,Fixation,819.7009871342563,1093.0516563820256,188.0,3.0,True,5,word,little,1.0
532.0,822.9367065429686,1094.472599029541,0.3269708156585693,0.7886828184127808,0.3214596509933471,0.7600504159927368,3.069427490234375,2.996856689453125,Fixation,819.7009871342563,1093.0516563820256,188.0,3.0,True,5,word,little,1.0
536.0,812.729034423828,1108.154010772705,0.3249960839748382,0.7932540774345398,0.3174722790718078,0.7695513963699341,3.0428009033203125,2.98699951171875,Fixation,819.7009871342563,1093.0516563820256,188.0,3.0,True,5,word,little,1.0
540.0,816.3436126708984,1088.5418701171875,0.3299354314804077,0.7925736308097839,0.3188842236995697,0.7559318542480469,3.0196075439453125,2.95599365234375,Fixation,819.7009871342563,1093.0516563820256,188.0,3.0,True,5,word,little,1.0
544.0,841.7702484130859,1099.7385692596436,0.3308299779891968,0.7901450395584106,0.3288165032863617,0.7637073397636414,3.0386505126953125,2.98309326171875,Fixation,819.7009871342563,1093.0516563820256,188.0,3.0,True,5,word,little,1.0
548.0,837.2562408447266,1085.527925491333,0.3264192640781402,0.7831597328186035,0.3270532190799713,0.753838837146759,3.0111236572265625,2.988983154296875,Fixation,819.7009871342563,1093.0516563820256,188.0,3.0,True,5,word,little,1.0
552.0,823.3057403564452,1095.1049995422363,0.3322077989578247,0.7872647047042847,0.3216038048267364,0.7604895830154419,3.0191192626953125,2.946929931640625,Fixation,819.7009871342563,1093.0516563820256,188.0,3.0,True,5,word,little,1.0
556.0,817.3712158203124,1092.8822422027588,0.3356229066848755,0.7865787744522095,0.3192856311798095,0.7589460015296936,3.0241851806640625,2.937606811523437,Fixation,819.7009871342563,1093.0516563820256,188.0,3.0,True,5,word,little,1.0
560.0,823.5722351074218,1094.088077545166,0.3317824900150299,0.7870480418205261,0.3217079043388366,0.7597833871841431,3.004730224609375,2.9369354248046875,Fixation,819.7009871342563,1093.0516563820256,188.0,3.0,True,5,word,little,1.0
564.0,811.9634246826171,1093.2926845550537,0.3287693858146667,0.786327064037323,0.3171732127666473,0.7592310309410095,3.0177459716796875,2.94378662109375,Fixation,819.7009871342563,1093.0516563820256,188.0,3.0,True,5,word,little,1.0
568.0,830.6974029541016,1109.1989994049072,0.3223026692867279,0.7889769077301025,0.3244911730289459,0.7702770829200745,2.987274169921875,2.9490203857421875,Fixation,819.7009871342563,1093.0516563820256,188.0,3.0,True,5,word,little,1.0
572.0,828.4190368652344,1108.2182121276855,0.3245624005794525,0.777022123336792,0.3236011862754822,0.7695959806442261,2.98016357421875,2.9334259033203125,Fixation,819.7009871342563,1093.0516563820256,188.0,3.0,True,5,word,little,1.0
576.0,825.3205871582031,1112.3785972595215,0.3300704658031463,0.7792282104492188,0.3223908543586731,0.7724851369857788,2.9918365478515625,2.928924560546875,Fixation,819.7009871342563,1093.0516563820256,188.0,3.0,True,5,word,little,1.0
580.0,826.915283203125,1094.013147354126,0.3278441429138183,0.7833051085472107,0.3230137825012207,0.7597313523292542,2.97442626953125,2.933700561523437,Fixation,819.7009871342563,1093.0516563820256,188.0,3.0,True,5,word,little,1.0
584.0,826.2582397460936,1099.8068046569824,0.3255700170993805,0.7900128960609436,0.3227571249008178,0.7637547254562378,2.991851806640625,2.930694580078125,Fixation,819.7009871342563,1093.0516563820256,188.0,3.0,True,5,word,little,1.0
588.0,815.0701141357422,1093.6346340179443,0.3321483731269836,0.7837663292884827,0.3183867633342743,0.7594684958457947,3.00299072265625,2.9249725341796875,Fixation,819.7009871342563,1093.0516563820256,188.0,3.0,True,5,word,little,1.0
592.0,816.8446350097656,1096.6243743896484,0.3356987237930298,0.7894867658615112,0.3190799355506897,0.7615447044372559,3.0048370361328125,2.9217071533203125,Fixation,819.7009871342563,1093.0516563820256,188.0,3.0,True,5,word,little,1.0
596.0,804.8584747314453,1098.8765716552734,0.3313132226467132,0.786565899848938,0.3143978416919708,0.7631087303161621,2.99786376953125,2.921249389648437,Fixation,819.7009871342563,1093.0516563820256,188.0,3.0,True,5,word,little,1.0
600.0,818.8607025146483,1089.9842548370361,0.3356716632843017,0.7871056199073792,0.3198674619197845,0.7569335103034973,3.007720947265625,2.911041259765625,Fixation,819.7009871342563,1093.0516563820256,188.0,3.0,True,5,word,little,1.0
604.0,830.6909179687499,1087.9756450653076,0.3278140127658844,0.7865471243858337,0.3244886398315429,0.7555386424064636,2.9708251953125,2.9139862060546875,Fixation,819.7009871342563,1093.0516563820256,188.0,3.0,True,5,word,little,1.0
608.0,825.4017639160156,1087.3341464996338,0.3348686993122101,0.7853513956069946,0.3224225640296936,0.7550931572914124,2.9833526611328125,2.9211883544921875,Fixation,819.7009871342563,1093.0516563820256,188.0,3.0,True,5,word,little,1.0
612.0,826.6999053955077,1093.950834274292,0.328806072473526,0.7896536588668823,0.3229296505451202,0.7596880793571472,2.9777374267578125,2.9225311279296875,Fixation,819.7009871342563,1093.0516563820256,188.0,3.0,True,5,word,little,1.0
616.0,822.4284362792968,1095.9383296966553,0.3308677673339844,0.7851377129554749,0.3212611079216003,0.7610682845115662,2.97088623046875,2.912109375,Fixation,819.7009871342563,1093.0516563820256,188.0,3.0,True,5,word,little,1.0
620.0,813.1854248046874,1094.8993492126465,0.3276325166225433,0.7908392548561096,0.317650556564331,0.7603467702865601,2.9692535400390625,2.9268035888671875,Fixation,819.7009871342563,1093.0516563820256,188.0,3.0,True,5,word,little,1.0
624.0,815.9139251708984,1099.006519317627,0.3320690393447876,0.7842918634414673,0.3187163770198822,0.763198971748352,2.9730377197265625,2.907379150390625,Fixation,819.7009871342563,1093.0516563820256,188.0,3.0,True,5,word,little,1.0
628.0,816.1499023437499,1100.4433250427246,0.3289744257926941,0.7883340120315552,0.3188085556030273,0.7641967535018921,2.975448608398437,2.9100799560546875,Fixation,819.7009871342563,1093.0516563820256,188.0,3.0,True,5,word,little,1.0
632.0,815.819091796875,1105.7618236541748,0.3250782787799835,0.783036470413208,0.3186793327331543,0.7678901553153992,2.9593505859375,2.907501220703125,Fixation,819.7009871342563,1093.0516563820256,188.0,3.0,True,5,word,little,1.0
636.0,811.5892791748047,1088.485221862793,0.3302913606166839,0.7938618063926697,0.3170270621776581,0.7558925151824951,2.963409423828125,2.89990234375,Fixation,819.7009871342563,1093.0516563820256,188.0,3.0,True,5,word,little,1.0
640.0,832.4205017089844,1088.9932537078857,0.3254229128360748,0.7863924503326416,0.325164258480072,0.7562453150749207,2.950531005859375,2.90557861328125,Fixation,819.7009871342563,1093.0516563820256,188.0,3.0,True,5,word,little,1.0
644.0,826.1888885498046,1088.0900573730469,0.3299908638000488,0.7873702645301819,0.3227300345897674,0.7556180953979492,2.96246337890625,2.907821655273437,Fixation,819.7009871342563,1093.0516563820256,188.0,3.0,True,5,word,little,1.0
648.0,830.5471801757811,1088.669843673706,0.3274497389793396,0.7895528078079224,0.3244324922561645,0.756020724773407,2.94927978515625,2.9126129150390625,Fixation,819.7009871342563,1093.0516563820256,188.0,3.0,True,5,word,little,1.0
652.0,820.1161956787108,1081.0801792144775,0.3293866515159607,0.787547767162323,0.3203578889369964,0.7507501244544983,2.9493865966796875,2.8840484619140625,Fixation,819.7009871342563,1093.0516563820256,188.0,3.0,True,5,word,little,1.0
656.0,830.3787231445312,1094.8015022277832,0.3318088352680206,0.7889853119850159,0.3243666887283325,0.7602788209915161,2.9765167236328125,2.906005859375,Fixation,819.7009871342563,1093.0516563820256,188.0,3.0,True,5,word,little,1.0
660.0,806.0387420654296,1079.9609470367432,0.3293123841285705,0.7916547656059265,0.3148588836193084,0.7499728798866272,2.955307006835937,2.8806304931640625,Fixation,819.7009871342563,1093.0516563820256,188.0,3.0,True,5,word,little,1.0
664.0,823.1623077392578,1099.0039443969727,0.3313087224960327,0.7917707562446594,0.3215477764606476,0.7631971836090088,2.9592437744140625,2.894683837890625,Fixation,819.7009871342563,1093.0516563820256,188.0,3.0,True,5,word,little,1.0
668.0,816.9982147216796,1101.2551975250244,0.3298895359039306,0.7879109978675842,0.3191399276256561,0.7647605538368225,2.939361572265625,2.9159698486328125,Fixation,819.7009871342563,1093.0516563820256,188.0,3.0,True,5,word,little,1.0
672.0,826.6864013671875,1094.208927154541,0.3337233960628509,0.7906368374824524,0.3229243755340576,0.7598673105239868,2.9537506103515625,2.8921661376953125,Fixation,819.7009871342563,1093.0516563820256,188.0,3.0,True,5,word,little,1.0
676.0,805.8349609374999,1101.6932773590088,0.3356442451477051,0.7943881154060364,0.3147792816162109,0.7650647759437561,2.9654998779296875,2.8770751953125,Fixation,819.7009871342563,1093.0516563820256,188.0,3.0,True,5,word,little,1.0
680.0,833.437271118164,1102.2026824951172,0.3305394649505615,0.7835939526557922,0.3255614340305328,0.765418529510498,2.955596923828125,2.8999176025390625,Fixation,819.7009871342563,1093.0516563820256,188.0,3.0,True,5,word,little,1.0
684.0,824.9961853027344,1087.104377746582,0.3306284546852112,0.790260910987854,0.3222641348838806,0.7549335956573486,2.96575927734375,2.8992156982421875,Fixation,819.7009871342563,1093.0516563820256,188.0,3.0,True,5,word,little,1.0
688.0,817.7068328857421,1089.437255859375,0.3169075548648834,0.7920615673065186,0.319416731595993,0.7565536499023438,2.950775146484375,2.896087646484375,Fixation,819.7009871342563,1093.0516563820256,188.0,3.0,True,5,word,little,1.0
692.0,776.019058227539,1082.488489151001,0.2988783419132232,0.7901470065116882,0.3031324446201324,0.7517281174659729,2.9398956298828125,2.881683349609375,Fixation,819.7009871342563,1093.0516563820256,188.0,3.0,True,5,word,little,1.0
696.0,749.8339080810547,1087.3011875152588,0.3022884428501129,0.7816774845123291,0.292903870344162,0.7550702691078186,2.9467315673828125,2.8927764892578125,Fixation,819.7009871342563,1093.0516563820256,188.0,3.0,True,5,word,little,1.0
700.0,739.4536590576172,1091.17506980896,0.2943731248378753,0.779499888420105,0.2888490855693817,0.7577604651451111,2.942855834960937,2.88824462890625,Fixation,753.3558792114258,1089.5146425247192,196.0,4.0,True,6,word,a,0.0
704.0,760.6126403808594,1097.7624034881592,0.3036757409572601,0.7831305861473083,0.2971143126487732,0.7623350024223328,2.9600372314453125,2.893157958984375,Fixation,753.3558792114258,1089.5146425247192,196.0,4.0,True,6,word,a,0.0
708.0,757.5194549560546,1092.8388977050781,0.3006215989589691,0.7840425372123718,0.2959060370922088,0.758915901184082,2.9344024658203125,2.886505126953125,Fixation,753.3558792114258,1089.5146425247192,196.0,4.0,True,6,word,a,0.0
712.0,754.0706634521484,1091.6129779815674,0.3047524690628052,0.7840282917022705,0.2945588529109955,0.7580645680427551,2.95465087890625,2.8736572265625,Fixation,753.3558792114258,1089.5146425247192,196.0,4.0,True,6,word,a,0.0
716.0,756.3771057128906,1083.7271976470947,0.3033966422080993,0.7793726921081543,0.2954598069190979,0.7525883316993713,2.9397430419921875,2.886093139648437,Fixation,753.3558792114258,1089.5146425247192,196.0,4.0,True,6,word,a,0.0
720.0,767.6004028320312,1077.5804328918457,0.3004387319087982,0.787356972694397,0.2998439073562622,0.7483197450637817,2.9503326416015625,2.879608154296875,Fixation,753.3558792114258,1089.5146425247192,196.0,4.0,True,6,word,a,0.0
724.0,767.4407958984374,1092.724142074585,0.3012235462665558,0.7817089557647705,0.2997815608978271,0.7588362097740173,2.94580078125,2.8860015869140625,Fixation,753.3558792114258,1089.5146425247192,196.0,4.0,True,6,word,a,0.0
728.0,752.9786682128906,1087.9035472869873,0.2957463562488556,0.7834141254425049,0.2941322922706604,0.7554885745048523,2.9305877685546875,2.889129638671875,Fixation,753.3558792114258,1089.5146425247192,196.0,4.0,True,6,word,a,0.0
732.0,746.668243408203,1081.8005561828613,0.2958036363124847,0.7761031985282898,0.2916672825813293,0.7512503862380981,2.928955078125,2.8700408935546875,Fixation,753.3558792114258,1089.5146425247192,196.0,4.0,True,6,word,a,0.0
736.0,755.832290649414,1087.311658859253,0.3042492270469665,0.7764798998832703,0.2952469885349273,0.7550775408744812,2.9572906494140625,2.87359619140625,Fixation,753.3558792114258,1089.5146425247192,196.0,4.0,True,6,word,a,0.0
740.0,751.5726470947264,1088.0973529815674,0.304204523563385,0.7816987037658691,0.2935830652713775,0.7556231617927551,2.939239501953125,2.8904571533203125,Fixation,753.3558792114258,1089.5146425247192,196.0,4.0,True,6,word,a,0.0
744.0,745.9795379638672,1088.6726760864258,0.3016639053821563,0.7791701555252075,0.2913982570171356,0.7560226917266846,2.939849853515625,2.8585662841796875,Fixation,753.3558792114258,1089.5146425247192,196.0,4.0,True,6,word,a,0.0
748.0,754.7042846679688,1078.9250564575195,0.3035907745361328,0.7799781560897827,0.2948063611984253,0.749253511428833,2.945068359375,2.8627166748046875,Fixation,753.3558792114258,1089.5146425247192,196.0,4.0,True,6,word,a,0.0
752.0,763.3465576171874,1096.426019668579,0.3020681738853454,0.788418710231781,0.2981822490692138,0.7614069581031799,2.9400634765625,2.8734130859375,Fixation,753.3558792114258,1089.5146425247192,196.0,4.0,True,6,word,a,0.0
756.0,757.6676940917968,1088.4615325927734,0.3042910099029541,0.7818641662597656,0.2959639430046081,0.7558760643005371,2.9403228759765625,2.8675994873046875,Fixation,753.3558792114258,1089.5146425247192,196.0,4.0,True,6,word,a,0.0
760.0,754.6879577636719,1083.4520244598389,0.3026933968067169,0.7873415350914001,0.2947999835014343,0.7523972392082214,2.9482879638671875,2.8545074462890625,Fixation,753.3558792114258,1089.5146425247192,196.0,4.0,True,6,word,a,0.0
764.0,745.1988983154297,1078.2550621032715,0.297922819852829,0.783845841884613,0.2910933196544647,0.7487882375717163,2.9169158935546875,2.8664703369140625,Fixation,753.3558792114258,1089.5146425247192,196.0,4.0,True,6,word,a,0.0
768.0,750.4080963134766,1090.6739044189453,0.294445276260376,0.7807491421699524,0.2931281626224518,0.7574124336242676,2.9023590087890625,2.857391357421875,Fixation,753.3558792114258,1089.5146425247192,196.0,4.0,True,6,word,a,0.0
772.0,753.201904296875,1083.3922004699707,0.2997726798057556,0.7840959429740906,0.2942194938659668,0.752355694770813,2.909912109375,2.85858154296875,Fixation,753.3558792114258,1089.5146425247192,196.0,4.0,True,6,word,a,0.0
776.0,744.0219116210936,1079.280309677124,0.3007183074951172,0.7898397445678711,0.2906335592269897,0.7495002150535583,2.909698486328125,2.8433380126953125,Fixation,753.3558792114258,1089.5146425247192,196.0,4.0,True,6,word,a,0.0
780.0,762.2654724121094,1088.0118656158447,0.3020733892917633,0.7852718234062195,0.2977599501609802,0.7555637955665588,2.90924072265625,2.8515625,Fixation,753.3558792114258,1089.5146425247192,196.0,4.0,True,6,word,a,0.0
784.0,755.2629852294922,1088.7882900238037,0.2964827418327331,0.7839674949645996,0.2950246036052704,0.756102979183197,2.9017791748046875,2.831085205078125,Fixation,753.3558792114258,1089.5146425247192,196.0,4.0,True,6,word,a,0.0
788.0,748.6051177978514,1077.624979019165,0.300766259431839,0.7816665172576904,0.2924238741397857,0.7483506798744202,2.914535522460937,2.8192596435546875,Fixation,753.3558792114258,1089.5146425247192,196.0,4.0,True,6,word,a,0.0
792.0,746.8914794921874,1092.2804832458496,0.2991625666618347,0.7818412780761719,0.2917544841766357,0.7585281133651733,2.918792724609375,2.831787109375,Fixation,753.3558792114258,1089.5146425247192,196.0,4.0,True,6,word,a,0.0
796.0,750.7496643066406,1083.5950183868408,0.2999625504016876,0.7757887840270996,0.2932615876197815,0.7524965405464172,2.8905487060546875,2.8254852294921875,Fixation,753.3558792114258,1089.5146425247192,196.0,4.0,True,6,word,a,0.0
800.0,750.6232452392578,1091.0565376281738,0.2986122667789459,0.7814795970916748,0.2932122051715851,0.7576781511306763,2.8776397705078125,2.832275390625,Fixation,753.3558792114258,1089.5146425247192,196.0,4.0,True,6,word,a,0.0
804.0,748.7532806396483,1085.8641242980957,0.3028231859207153,0.7812137007713318,0.2924817502498626,0.7540723085403442,2.886871337890625,2.806121826171875,Fixation,753.3558792114258,1089.5146425247192,196.0,4.0,True,6,word,a,0.0
808.0,750.9774780273436,1082.471580505371,0.3042766153812408,0.7768975496292114,0.2933505773544311,0.7517163753509521,2.89874267578125,2.8129119873046875,Fixation,753.3558792114258,1089.5146425247192,196.0,4.0,True,6,word,a,0.0
812.0,749.2031860351562,1092.0594692230225,0.2977239787578583,0.7791174650192261,0.2926574945449829,0.7583746314048767,2.8837127685546875,2.7985382080078125,Fixation,753.3558792114258,1089.5146425247192,196.0,4.0,True,6,word,a,0.0
816.0,752.191162109375,1084.1021919250488,0.2999241352081299,0.7828283309936523,0.2938246726989746,0.752848744392395,2.879302978515625,2.802719116210937,Fixation,753.3558792114258,1089.5146425247192,196.0,4.0,True,6,word,a,0.0
820.0,758.7396240234375,1080.9047412872314,0.3066461682319641,0.7797043919563293,0.2963826656341553,0.7506282925605774,2.8979949951171875,2.815521240234375,Fixation,753.3558792114258,1089.5146425247192,196.0,4.0,True,6,word,a,0.0
824.0,757.1576690673828,1092.2798824310303,0.3012194633483886,0.7826929092407227,0.2957647144794464,0.7585276961326599,2.8721923828125,2.809555053710937,Fixation,753.3558792114258,1089.5146425247192,196.0,4.0,True,6,word,a,0.0
828.0,735.8129119873047,1105.5501651763916,0.302174299955368,0.7817150950431824,0.2874269187450409,0.7677431702613831,2.8649444580078125,2.7961883544921875,Fixation,753.3558792114258,1089.5146425247192,196.0,4.0,True,6,word,a,0.0
832.0,746.3706970214843,1091.2275981903076,0.3047849535942077,0.7759504914283752,0.2915510535240173,0.7577969431877136,2.8531951904296875,2.786361694335937,Fixation,753.3558792114258,1089.5146425247192,196.0,4.0,True,6,word,a,0.0
836.0,757.4776458740234,1096.0530853271484,0.3061726689338684,0.7782833576202393,0.2958897054195404,0.7611479759216309,2.878524780273437,2.799652099609375,Fixation,753.3558792114258,1089.5146425247192,196.0,4.0,True,6,word,a,0.0
840.0,744.9594116210936,1097.9659938812256,0.3038146197795868,0.7743340730667114,0.2909997701644897,0.76247638463974,2.8743896484375,2.7749786376953125,Fixation,753.3558792114258,1089.5146425247192,196.0,4.0,True,6,word,a,0.0
844.0,747.2576904296875,1075.182580947876,0.3009350895881653,0.7807493805885315,0.2918975353240967,0.7466545701026917,2.863876342773437,2.7900543212890625,Fixation,753.3558792114258,1089.5146425247192,196.0,4.0,True,6,word,a,0.0
848.0,744.7154235839844,1098.202714920044,0.3027747571468353,0.7765563726425171,0.2909044623374939,0.7626407742500305,2.8646240234375,2.773666381835937,Fixation,753.3558792114258,1089.5146425247192,196.0,4.0,True,6,word,a,0.0
852.0,748.930206298828,1093.3331966400146,0.3016595244407654,0.7784367799758911,0.2925508618354797,0.7592591643333435,2.8731689453125,2.784408569335937,Fixation,753.3558792114258,1089.5146425247192,196.0,4.0,True,6,word,a,0.0
856.0,745.4815673828124,1093.7504196166992,0.306315004825592,0.7850598096847534,0.2912037372589111,0.7595489025115967,2.8624420166015625,2.777328491210937,Fixation,753.3558792114258,1089.5146425247192,196.0,4.0,True,6,word,a,0.0
860.0,750.3240203857421,1099.3041801452637,0.3015154600143432,0.7808681130409241,0.2930953204631805,0.7634056806564331,2.8511505126953125,2.765853881835937,Fixation,753.3558792114258,1089.5146425247192,196.0,4.0,True,6,word,a,0.0
864.0,750.8696746826171,1098.6419105529785,0.3004905879497528,0.7735416889190674,0.2933084666728973,0.7629457712173462,2.837387084960937,2.7615966796875,Fixation,753.3558792114258,1089.5146425247192,196.0,4.0,True,6,word,a,0.0
868.0,740.8377838134766,1089.988374710083,0.3051553666591644,0.7756829857826233,0.2893897593021393,0.7569363713264465,2.8516082763671875,2.749847412109375,Fixation,753.3558792114258,1089.5146425247192,196.0,4.0,True,6,word,a,0.0
872.0,758.2108306884764,1086.9612121582031,0.3042099475860595,0.7832851409912109,0.2961761057376861,0.7548341751098633,2.85357666015625,2.75653076171875,Fixation,753.3558792114258,1089.5146425247192,196.0,4.0,True,6,word,a,0.0
876.0,763.9159393310546,1095.6505393981934,0.3075235784053802,0.7908403873443604,0.2984046638011932,0.7608684301376343,2.8645782470703125,2.7535552978515625,Fixation,753.3558792114258,1089.5146425247192,196.0,4.0,True,6,word,a,0.0
880.0,762.613067626953,1095.4844570159912,0.3045619428157806,0.780103325843811,0.2978957295417785,0.7607530951499939,2.845932006835937,2.7656707763671875,Fixation,753.3558792114258,1089.5146425247192,196.0,4.0,True,6,word,a,0.0
884.0,760.0053405761718,1095.3085899353027,0.306793063879013,0.7825482487678528,0.2968770861625671,0.7606309652328491,2.844955444335937,2.757720947265625,Fixation,753.3558792114258,1089.5146425247192,196.0,4.0,True,6,word,a,0.0
888.0,768.3426666259766,1106.4815139770508,0.3074138760566711,0.7792780995368958,0.3001338541507721,0.7683899402618408,2.85516357421875,2.7593231201171875,Fixation,753.3558792114258,1089.5146425247192,196.0,4.0,True,6,word,a,0.0
892.0,751.1499786376952,1087.5888919830322,0.3084635436534881,0.7755527496337891,0.2934179604053497,0.7552700638771057,2.8353424072265625,2.7316436767578125,Fixation,753.3558792114258,1089.5146425247192,196.0,4.0,True,6,word,a,0.0
896.0,779.7553253173827,1089.9445152282715,0.3112646341323852,0.7801812291145325,0.3045919239521026,0.7569059133529663,2.840362548828125,2.7369384765625,Fixation,753.3558792114258,1089.5146425247192,196.0,4.0,True,6,word,a,0.0
900.0,845.9069061279296,1091.7512512207031,0.3365382254123688,0.774340033531189,0.3304323852062225,0.7581605911254883,2.8423614501953125,2.752670288085937,Fixation,925.7162083806219,1076.212414664191,144.0,5.0,True,7,word,boy,2.0
904.0,901.8229675292969,1084.8998165130615,0.3495309054851532,0.7713894844055176,0.3522745966911316,0.7534026503562927,2.84710693359375,2.754364013671875,Fixation,925.7162083806219,1076.212414664191,144.0,5.0,True,7,word,boy,2.0
908.0,937.3571777343749,1078.9957809448242,0.3628314435482025,0.7665479779243469,0.3661551475524902,0.7493026256561279,2.833404541015625,2.7514801025390625,Fixation,925.7162083806219,1076.212414664191,144.0,5.0,True,7,word,boy,2.0
912.0,925.9349060058594,1082.2624969482422,0.3626778423786163,0.7775155901908875,0.3616933226585388,0.7515711784362793,2.83392333984375,2.747665405273437,Fixation,925.7162083806219,1076.212414664191,144.0,5.0,True,7,word,boy,2.0
916.0,919.4869232177733,1075.1546001434326,0.3660893142223358,0.7788078784942627,0.3591745793819427,0.7466351389884949,2.8491668701171875,2.73895263671875,Fixation,925.7162083806219,1076.212414664191,144.0,5.0,True,7,word,boy,2.0
920.0,931.9421386718749,1088.3667755126953,0.370425820350647,0.7730865478515625,0.3640398979187011,0.7558102607727051,2.84515380859375,2.733261108398437,Fixation,925.7162083806219,1076.212414664191,144.0,5.0,True,7,word,boy,2.0
924.0,925.5916595458984,1062.173137664795,0.3753105103969574,0.7750376462936401,0.3615592420101166,0.7376202344894409,2.85235595703125,2.733489990234375,Fixation,925.7162083806219,1076.212414664191,144.0,5.0,True,7,word,boy,2.0
928.0,919.2005157470702,1079.3207359313965,0.3681499063968658,0.7751006484031677,0.3590627014636993,0.7495282888412476,2.8581695556640625,2.74322509765625,Fixation,925.7162083806219,1076.212414664191,144.0,5.0,True,7,word,boy,2.0
932.0,910.5123138427734,1085.1061534881592,0.3683441877365112,0.7658911347389221,0.3556688725948334,0.7535459399223328,2.843475341796875,2.727401733398437,Fixation,925.7162083806219,1076.212414664191,144.0,5.0,True,7,word,boy,2.0
936.0,930.283203125,1076.5859127044678,0.3680235743522644,0.7661851644515991,0.3633918762207031,0.7476291060447693,2.83514404296875,2.7387237548828125,Fixation,925.7162083806219,1076.212414664191,144.0,5.0,True,7,word,boy,2.0
940.0,929.7412109374999,1082.305154800415,0.369800329208374,0.7655833959579468,0.3631801605224609,0.7516008019447327,2.83544921875,2.740478515625,Fixation,925.7162083806219,1076.212414664191,144.0,5.0,True,7,word,boy,2.0
944.0,930.6800842285156,1074.9462890625,0.3706964552402496,0.769234836101532,0.3635469079017639,0.746490478515625,2.843124389648437,2.73883056640625,Fixation,925.7162083806219,1076.212414664191,144.0,5.0,True,7,word,boy,2.0
948.0,928.9605712890624,1081.3589572906494,0.3738121688365936,0.7666211724281311,0.36287522315979,0.7509437203407288,2.863510131835937,2.730743408203125,Fixation,925.7162083806219,1076.212414664191,144.0,5.0,True,7,word,boy,2.0
952.0,923.2112121582031,1075.5934524536133,0.3778374195098877,0.7686985731124878,0.3606293797492981,0.7469398975372314,2.840301513671875,2.7373046875,Fixation,925.7162083806219,1076.212414664191,144.0,5.0,True,7,word,boy,2.0
956.0,925.1710510253906,1077.1482753753662,0.3705718517303467,0.7686663269996643,0.3613949418067932,0.7480196356773376,2.84893798828125,2.7388153076171875,Fixation,925.7162083806219,1076.212414664191,144.0,5.0,True,7,word,boy,2.0
960.0,931.3623046875,1080.650339126587,0.3685335516929626,0.767892062664032,0.3638134002685547,0.7504516243934631,2.83514404296875,2.7519073486328125,Fixation,925.7162083806219,1076.212414664191,144.0,5.0,True,7,word,boy,2.0
964.0,936.6345977783202,1071.9490814208984,0.3693882822990417,0.7675948143005371,0.3658728897571563,0.7444090843200684,2.8439483642578125,2.7529754638671875,Fixation,925.7162083806219,1076.212414664191,144.0,5.0,True,7,word,boy,2.0
968.0,931.1518096923827,1073.3169651031494,0.3717944025993347,0.7632706761360168,0.363731175661087,0.7453590035438538,2.8342437744140625,2.7291412353515625,Fixation,925.7162083806219,1076.212414664191,144.0,5.0,True,7,word,boy,2.0
972.0,935.0826263427734,1078.1448554992676,0.3686838746070862,0.7700713276863098,0.3652666509151459,0.7487117052078247,2.8448638916015625,2.7447509765625,Fixation,925.7162083806219,1076.212414664191,144.0,5.0,True,7,word,boy,2.0
976.0,918.8564300537108,1072.1477794647217,0.3726077377796173,0.7649938464164734,0.3589282929897308,0.7445470690727234,2.834869384765625,2.733505249023437,Fixation,925.7162083806219,1076.212414664191,144.0,5.0,True,7,word,boy,2.0
980.0,930.2542114257812,1076.3256740570068,0.3694234788417816,0.7627505660057068,0.3633805513381958,0.7474483847618103,2.8180694580078125,2.7411346435546875,Fixation,925.7162083806219,1076.212414664191,144.0,5.0,True,7,word,boy,2.0
984.0,925.8368682861327,1077.3246574401855,0.3710452020168304,0.7746957540512085,0.3616550266742706,0.7481421232223511,2.848846435546875,2.75439453125,Fixation,925.7162083806219,1076.212414664191,144.0,5.0,True,7,word,boy,2.0
988.0,924.0215301513672,1068.3835887908936,0.3761927485466003,0.7690651416778564,0.3609459102153778,0.7419330477714539,2.8506317138671875,2.73553466796875,Fixation,925.7162083806219,1076.212414664191,144.0,5.0,True,7,word,boy,2.0
992.0,928.7609100341796,1064.106559753418,0.3702078759670257,0.7668497562408447,0.3627972304821014,0.7389628887176514,2.82415771484375,2.7223052978515625,Fixation,925.7162083806219,1076.212414664191,144.0,5.0,True,7,word,boy,2.0
996.0,939.6389770507812,1080.974178314209,0.3733809888362884,0.7654714584350586,0.3670464754104614,0.7506765127182007,2.8445281982421875,2.747467041015625,Fixation,925.7162083806219,1076.212414664191,144.0,5.0,True,7,word,boy,2.0
1000.0,925.3274536132812,1066.7005348205566,0.3741869330406189,0.7676975131034851,0.361456036567688,0.7407642602920532,2.846054077148437,2.726104736328125,Fixation,925.7162083806219,1076.212414664191,144.0,5.0,True,7,word,boy,2.0
1004.0,921.9496917724608,1081.3579273223877,0.3691384494304657,0.7723163962364197,0.3601365983486175,0.7509430050849915,2.8428955078125,2.724212646484375,Fixation,925.7162083806219,1076.212414664191,144.0,5.0,True,7,word,boy,2.0
1008.0,928.1752014160156,1069.7400569915771,0.3707208037376404,0.7693861126899719,0.3625684380531311,0.7428750395774841,2.83233642578125,2.728012084960937,Fixation,925.7162083806219,1076.212414664191,144.0,5.0,True,7,word,boy,2.0
1012.0,927.8146362304686,1070.711317062378,0.3745951354503631,0.7718883752822876,0.3624275922775268,0.7435495257377625,2.84619140625,2.7396697998046875,Fixation,925.7162083806219,1076.212414664191,144.0,5.0,True,7,word,boy,2.0
1016.0,939.6335601806641,1075.9669876098633,0.3722665905952453,0.7620035409927368,0.3670443594455719,0.747199296951294,2.832061767578125,2.746429443359375,Fixation,925.7162083806219,1076.212414664191,144.0,5.0,True,7,word,boy,2.0
1020.0,931.7555236816405,1071.7078971862793,0.3740102350711822,0.7631068825721741,0.3639670014381408,0.7442415952682495,2.861663818359375,2.7543182373046875,Fixation,925.7162083806219,1076.212414664191,144.0,5.0,True,7,word,boy,2.0
1024.0,939.8397064208983,1074.7261333465576,0.3714769780635834,0.7601513266563416,0.3671248853206634,0.7463375926017761,2.84515380859375,2.737457275390625,Fixation,925.7162083806219,1076.212414664191,144.0,5.0,True,7,word,boy,2.0
1028.0,924.800567626953,1064.743766784668,0.3735861182212829,0.762891411781311,0.3612502217292785,0.7394053936004639,2.8419647216796875,2.743881225585937,Fixation,925.7162083806219,1076.212414664191,144.0,5.0,True,7,word,boy,2.0
1032.0,928.6089324951171,1074.7581481933594,0.3712482750415802,0.7672022581100464,0.3627378642559051,0.7463598251342773,2.8476104736328125,2.740478515625,Fixation,925.7162083806219,1076.212414664191,144.0,5.0,True,7,word,boy,2.0
1036.0,930.0759124755858,1079.5026969909668,0.3748174607753753,0.7739841938018799,0.3633109033107757,0.7496546506881714,2.84014892578125,2.75140380859375,Fixation,925.7162083806219,1076.212414664191,144.0,5.0,True,7,word,boy,2.0
1040.0,930.0611114501952,1066.5536785125732,0.3725528419017792,0.7604249715805054,0.3633051216602325,0.7406622767448425,2.83843994140625,2.745361328125,Fixation,925.7162083806219,1076.212414664191,144.0,5.0,True,7,word,boy,2.0
1044.0,936.0543060302733,1084.097728729248,0.373016744852066,0.7615237236022949,0.3656462132930755,0.7528456449508667,2.837493896484375,2.75439453125,Fixation,925.7162083806219,1076.212414664191,144.0,5.0,True,7,word,boy,2.0
1048.0,952.2174835205077,1090.7999897003174,0.3763521611690521,0.7692792415618896,0.3719599545001983,0.7574999928474426,2.8570556640625,2.75390625,Saccade,,,,0.0,False,8,,,
1052.0,987.9898834228516,1077.3979568481445,0.388623297214508,0.7585038542747498,0.3859335482120514,0.7481930255889893,2.8706512451171875,2.744049072265625,Saccade,,,,0.0,False,8,,,
1056.0,1070.7376861572266,1088.2793998718262,0.4159548580646515,0.764851987361908,0.4182569086551666,0.7557495832443237,2.8443145751953125,2.7554473876953125,Fixation,1130.7893118635159,1053.1376915849899,208.0,6.0,True,9,image,,11.0
1060.0,1134.357452392578,1078.4371089935303,0.4375782608985901,0.762481153011322,0.4431083798408508,0.7489146590232849,2.832626342773437,2.7444000244140625,Fixation,1130.7893118635159,1053.1376915849899,208.0,6.0,True,9,image,,11.0
1064.0,1152.099380493164,1056.77095413208,0.4508978426456451,0.7773202061653137,0.4500388205051422,0.7338687181472778,2.854110717773437,2.718994140625,Fixation,1130.7893118635159,1053.1376915849899,208.0,6.0,True,9,image,,11.0
1068.0,1133.1394958496091,1075.9731674194336,0.4487771391868591,0.7682123780250549,0.4426326155662536,0.7472035884857178,2.8563995361328125,2.745819091796875,Fixation,1130.7893118635159,1053.1376915849899,208.0,6.0,True,9,image,,11.0
1072.0,1112.1056365966797,1065.029067993164,0.4446622431278229,0.7637888789176941,0.434416264295578,0.7396035194396973,2.8393096923828125,2.719940185546875,Fixation,1130.7893118635159,1053.1376915849899,208.0,6.0,True,9,image,,11.0
1076.0,1123.1371307373045,1063.0260372161865,0.445890337228775,0.7651457190513611,0.4387254416942596,0.738212525844574,2.8549957275390625,2.7291412353515625,Fixation,1130.7893118635159,1053.1376915849899,208.0,6.0,True,9,image,,11.0
1080.0,1122.6226043701172,1074.917106628418,0.4486661255359649,0.7633083462715149,0.438524454832077,0.7464702129364014,2.8397216796875,2.747039794921875,Fixation,1130.7893118635159,1053.1376915849899,208.0,6.0,True,9,image,,11.0
1084.0,1125.8682250976562,1060.1272773742676,0.4467953443527221,0.7638037800788879,0.439792275428772,0.7361994981765747,2.849716186523437,2.725082397460937,Fixation,1130.7893118635159,1053.1376915849899,208.0,6.0,True,9,image,,11.0
1088.0,1127.8619384765625,1059.2456245422363,0.4510194063186645,0.758314311504364,0.4405710697174072,0.7355872392654419,2.845428466796875,2.7437896728515625,Fixation,1130.7893118635159,1053.1376915849899,208.0,6.0,True,9,image,,11.0
1092.0,1125.837631225586,1054.7708415985107,0.4485643208026886,0.7583875060081482,0.4397803246974945,0.7324797511100769,2.8448638916015625,2.739364624023437,Fixation,1130.7893118635159,1053.1376915849899,208.0,6.0,True,9,image,,11.0
1096.0,1105.2947998046873,1066.6798496246338,0.4494006335735321,0.7571399807929993,0.431755781173706,0.7407498955726624,2.8414764404296875,2.7414093017578125,Fixation,1130.7893118635159,1053.1376915849899,208.0,6.0,True,9,image,,11.0
1100.0,1134.898452758789,1067.098445892334,0.452239841222763,0.7633302807807922,0.443319708108902,0.7410405874252319,2.84735107421875,2.769073486328125,Fixation,1130.7893118635159,1053.1376915849899,208.0,6.0,True,9,image,,11.0
1104.0,1119.7339630126953,1067.6982307434082,0.450148344039917,0.752602756023407,0.4373960793018341,0.7414571046829224,2.8430938720703125,2.756332397460937,Fixation,1130.7893118635159,1053.1376915849899,208.0,6.0,True,9,image,,11.0
1108.0,1141.9886016845703,1063.235206604004,0.4514259397983551,0.7563366293907166,0.4460892975330353,0.7383577823638916,2.844696044921875,2.757843017578125,Fixation,1130.7893118635159,1053.1376915849899,208.0,6.0,True,9,image,,11.0
1112.0,1133.5397338867188,1061.4637470245361,0.4477474987506866,0.7515980005264282,0.4427889585494995,0.7371276021003723,2.858367919921875,2.75311279296875,Fixation,1130.7893118635159,1053.1376915849899,208.0,6.0,True,9,image,,11.0
1116.0,1131.8608093261719,1052.867031097412,0.4479089379310608,0.7576361894607544,0.4421331286430359,0.731157660484314,2.851318359375,2.743988037109375,Fixation,1130.7893118635159,1053.1376915849899,208.0,6.0,True,9,image,,11.0
1120.0,1128.603744506836,1052.0240879058838,0.4557890594005584,0.7601600885391235,0.4408608376979828,0.7305722832679749,2.844589233398437,2.756576538085937,Fixation,1130.7893118635159,1053.1376915849899,208.0,6.0,True,9,image,,11.0
1124.0,1137.4725341796873,1050.1471424102783,0.4488899111747741,0.7515422105789185,0.4443252086639404,0.7292688488960266,2.8570556640625,2.7805938720703125,Fixation,1130.7893118635159,1053.1376915849899,208.0,6.0,True,9,image,,11.0
1128.0,1123.5836029052732,1048.7364292144775,0.4514625072479248,0.7643731236457825,0.4388998448848724,0.7282891869544983,2.87481689453125,2.75726318359375,Fixation,1130.7893118635159,1053.1376915849899,208.0,6.0,True,9,image,,11.0
1132.0,1132.0774078369138,1038.521375656128,0.4546176493167877,0.7651422023773193,0.4422177374362945,0.7211953997612,2.882171630859375,2.7740020751953125,Fixation,1130.7893118635159,1053.1376915849899,208.0,6.0,True,9,image,,11.0
1136.0,1131.0514068603513,1060.0397300720215,0.4550105631351471,0.7553218603134155,0.4418169558048248,0.7361387014389038,2.8642730712890625,2.777557373046875,Fixation,1130.7893118635159,1053.1376915849899,208.0,6.0,True,9,image,,11.0
1140.0,1133.7632751464841,1040.3572940826416,0.4479032158851623,0.7509239315986633,0.4428762793540954,0.7224703431129456,2.856842041015625,2.781494140625,Fixation,1130.7893118635159,1053.1376915849899,208.0,6.0,True,9,image,,11.0
1144.0,1134.8297119140623,1043.3746719360352,0.4498974084854126,0.7546475529670715,0.4432928562164306,0.7245657444000244,2.86810302734375,2.77044677734375,Fixation,1130.7893118635159,1053.1376915849899,208.0,6.0,True,9,image,,11.0
1148.0,1128.2390594482422,1034.6691226959229,0.4537643492221832,0.7537120580673218,0.4407183825969696,0.7185202240943909,2.858749389648437,2.77362060546875,Fixation,1130.7893118635159,1053.1376915849899,208.0,6.0,True,9,image,,11.0
1152.0,1120.7247924804688,1037.138900756836,0.4549449980258941,0.7662172913551331,0.4377831220626831,0.7202353477478027,2.877838134765625,2.776229858398437,Fixation,1130.7893118635159,1053.1376915849899,208.0,6.0,True,9,image,,11.0
1156.0,1126.637725830078,1041.5077686309814,0.4542044997215271,0.7571827173233032,0.4400928616523742,0.7232692837715149,2.848480224609375,2.7711639404296875,Fixation,1130.7893118635159,1053.1376915849899,208.0,6.0,True,9,image,,11.0
1160.0,1135.7972717285156,1029.616870880127,0.45077845454216,0.7626228332519531,0.4436708092689514,0.715011715888977,2.8753204345703125,2.776611328125,Fixation,1130.7893118635159,1053.1376915849899,208.0,6.0,True,9,image,,11.0
1164.0,1131.5804290771484,1042.2195625305176,0.4529154598712921,0.7665894031524658,0.4420236051082611,0.7237635850906372,2.8702392578125,2.7821807861328125,Fixation,1130.7893118635159,1053.1376915849899,208.0,6.0,True,9,image,,11.0
1168.0,1135.8199310302732,1043.6724185943604,0.4544022679328918,0.7597169280052185,0.4436796605587005,0.7247725129127502,2.880233764648437,2.792236328125,Fixation,1130.7893118635159,1053.1376915849899,208.0,6.0,True,9,image,,11.0
1172.0,1139.5296478271482,1038.8053894042969,0.4549408853054046,0.7538877725601196,0.4451287686824798,0.7213926315307617,2.86187744140625,2.7809600830078125,Fixation,1130.7893118635159,1053.1376915849899,208.0,6.0,True,9,image,,11.0
1176.0,1144.280319213867,1039.8458290100098,0.4525754153728485,0.7508622407913208,0.4469844996929168,0.722115159034729,2.8656463623046875,2.79449462890625,Fixation,1130.7893118635159,1053.1376915849899,208.0,6.0,True,9,image,,11.0
1180.0,1137.5068664550781,1038.4654998779297,0.4538502693176269,0.7567541599273682,0.4443386197090149,0.7211565971374512,2.8635406494140625,2.7888336181640625,Fixation,1130.7893118635159,1053.1376915849899,208.0,6.0,True,9,image,,11.0
1184.0,1135.849151611328,1045.1608085632324,0.4562127888202667,0.7434802055358887,0.443691074848175,0.7258061170578003,2.8574676513671875,2.791595458984375,Fixation,1130.7893118635159,1053.1376915849899,208.0,6.0,True,9,image,,11.0
1188.0,1125.065994262695,1049.3374156951904,0.4602000415325165,0.7521889209747314,0.4394789040088653,0.7287065386772156,2.87646484375,2.787322998046875,Fixation,1130.7893118635159,1053.1376915849899,208.0,6.0,True,9,image,,11.0
1192.0,1140.7495880126953,1029.9141025543213,0.4565654993057251,0.7465930581092834,0.4456053078174591,0.7152181267738342,2.869979858398437,2.7862548828125,Fixation,1130.7893118635159,1053.1376915849899,208.0,6.0,True,9,image,,11.0
1196.0,1130.07209777832,1037.0273208618164,0.453728049993515,0.747700035572052,0.4414344131946563,0.7201578617095947,2.8563995361328125,2.774871826171875,Fixation,1130.7893118635159,1053.1376915849899,208.0,6.0,True,9,image,,11.0
1200.0,1140.4415893554688,1044.783239364624,0.4596902728080749,0.7516775727272034,0.44548499584198,0.7255439162254333,2.872589111328125,2.814208984375,Fixation,1130.7893118635159,1053.1376915849899,208.0,6.0,True,9,image,,11.0
1204.0,1152.7433013916013,1041.633939743042,0.457729160785675,0.7444866895675659,0.4502903521060943,0.7233569025993347,2.864974975585937,2.784286499023437,Fixation,1130.7893118635159,1053.1376915849899,208.0,6.0,True,9,image,,11.0
1208.0,1134.407501220703,1034.809455871582,0.4590117037296295,0.7504264116287231,0.4431279301643371,0.7186176776885986,2.892608642578125,2.800033569335937,Fixation,1130.7893118635159,1053.1376915849899,208.0,6.0,True,9,image,,11.0
1212.0,1136.6243743896484,1043.1380367279053,0.4572039544582367,0.7511541247367859,0.4439938962459564,0.7244014143943787,2.8719940185546875,2.7967529296875,Fixation,1130.7893118635159,1053.1376915849899,208.0,6.0,True,9,image,,11.0
1216.0,1135.1834869384766,1047.5053596496582,0.4550290703773498,0.7518760561943054,0.4434310495853424,0.7274342775344849,2.879379272460937,2.77911376953125,Fixation,1130.7893118635159,1053.1376915849899,208.0,6.0,True,9,image,,11.0
1220.0,1138.9210510253906,1042.6287174224854,0.4575958549976349,0.7444285154342651,0.4448910355567932,0.7240477204322815,2.8623046875,2.791656494140625,Fixation,1130.7893118635159,1053.1376915849899,208.0,6.0,True,9,image,,11.0
1224.0,1131.3127899169922,1036.515941619873,0.4568454027175903,0.7486264109611511,0.4419190585613251,0.719802737236023,2.875274658203125,2.778472900390625,Fixation,1130.7893118635159,1053.1376915849899,208.0,6.0,True,9,image,,11.0
1228.0,1138.8868713378906,1055.114336013794,0.455254316329956,0.7469937205314636,0.4448776841163635,0.732718288898468,2.876571655273437,2.796859741210937,Fixation,1130.7893118635159,1053.1376915849899,208.0,6.0,True,9,image,,11.0
1232.0,1136.8239593505857,1059.9083232879639,0.4611546099185943,0.7462086081504822,0.4440718591213226,0.7360474467277527,2.87677001953125,2.781036376953125,Fixation,1130.7893118635159,1053.1376915849899,208.0,6.0,True,9,image,,11.0
1236.0,1130.267639160156,1061.068925857544,0.4607624411582947,0.7457836866378784,0.441510796546936,0.7368534207344055,2.885482788085937,2.786346435546875,Fixation,1130.7893118635159,1053.1376915849899,208.0,6.0,True,9,image,,11.0
1240.0,1131.5359497070312,1065.2080249786377,0.4612623155117035,0.7570407390594482,0.4420062303543091,0.739727795124054,2.889999389648437,2.79559326171875,Fixation,1130.7893118635159,1053.1376915849899,208.0,6.0,True,9,image,,11.0
1244.0,1146.501693725586,1063.798427581787,0.4573535919189453,0.74889075756073,0.447852224111557,0.7387489080429077,2.8802032470703125,2.7472076416015625,Fixation,1130.7893118635159,1053.1376915849899,208.0,6.0,True,9,image,,11.0
1248.0,1122.2789001464841,1058.0614185333252,0.4593566656112671,0.7498415112495422,0.4383901953697204,0.7347648739814758,2.874252319335937,2.75958251953125,Fixation,1130.7893118635159,1053.1376915849899,208.0,6.0,True,9,image,,11.0
1252.0,1126.7028045654295,1075.8261394500732,0.4615654349327087,0.7517486810684204,0.4401182830333709,0.7471014857292175,2.868743896484375,2.762664794921875,Fixation,1130.7893118635159,1053.1376915849899,208.0,6.0,True,9,image,,11.0
1256.0,1124.5916748046873,1077.5397491455078,0.4470162689685821,0.7679585814476013,0.439293622970581,0.7482914924621582,2.835968017578125,2.7523193359375,Fixation,1130.7893118635159,1053.1376915849899,208.0,6.0,True,9,image,,11.0
1260.0,1119.9211883544922,1069.773530960083,0.4529972374439239,0.767373263835907,0.4374692142009735,0.7428982853889465,2.8706207275390625,2.7703094482421875,Fixation,1130.7893118635159,1053.1376915849899,208.0,6.0,True,9,image,,11.0
1264.0,1133.972244262695,1047.4940299987793,0.4591560661792755,0.7572651505470276,0.4429579079151153,0.7274264097213745,2.882049560546875,2.7963104248046875,Fixation,1130.7893118635159,1053.1376915849899,208.0,6.0,True,9,image,,11.0
1268.0,1036.907730102539,1177.3896789550781,0.4661732316017151,0.8078680038452148,0.4050420820713043,0.817631721496582,2.761459350585937,2.59588623046875,Saccade,,,,0.0,False,10,,,
1272.0,801.7949676513672,1379.7648811340332,0.3657616972923279,0.9567312598228456,0.3132011592388153,0.9581700563430786,2.153915405273437,2.0935516357421875,Saccade,,,,0.0,False,10,,,
1276.0,1218.0350494384766,1703.932113647461,0.4757949411869049,1.183286190032959,,,1.6088714599609375,,Fixation,,,100.0,7.0,True,11,,,
1280.0,,,,,,,,,Fixation,,,100.0,7.0,True,11,,,
1284.0,,,,,,,,,Fixation,,,100.0,7.0,True,11,,,
1288.0,,,,,,,,,Fixation,,,100.0,7.0,True,11,,,
1292.0,,,,,,,,,Fixation,,,100.0,7.0,True,11,,,
1296.0,,,,,,,,,Fixation,,,100.0,7.0,True,11,,,
1300.0,,,,,,,,,Fixation,,,100.0,7.0,True,11,,,
1304.0,,,,,,,,,Fixation,,,100.0,7.0,True,11,,,
1308.0,,,,,,,,,Fixation,,,100.0,7.0,True,11,,,
1312.0,,,,,,,,,Fixation,,,100.0,7.0,True,11,,,
1316.0,,,,,,,,,Fixation,,,100.0,7.0,True,11,,,
1320.0,,,,,,,,,Fixation,,,100.0,7.0,True,11,,,
1324.0,,,,,,,,,Fixation,,,100.0,7.0,True,11,,,
1328.0,,,,,,,,,Fixation,,,100.0,7.0,True,11,,,
1332.0,,,,,,,,,Fixation,,,100.0,7.0,True,11,,,
1336.0,,,,,,,,,Fixation,,,100.0,7.0,True,11,,,
1340.0,,,,,,,,,Fixation,,,100.0,7.0,True,11,,,
1344.0,,,,,,,,,Fixation,,,100.0,7.0,True,11,,,
1348.0,,,,,,,,,Fixation,,,100.0,7.0,True,11,,,
1352.0,,,,,,,,,Fixation,,,100.0,7.0,True,11,,,
1356.0,,,,,,,,,Fixation,,,100.0,7.0,True,11,,,
1360.0,,,,,,,,,Fixation,,,100.0,7.0,True,11,,,
1364.0,,,,,,,,,Fixation,,,100.0,7.0,True,11,,,
1368.0,,,,,,,,,Fixation,,,100.0,7.0,True,11,,,
1372.0,,,,,,,,,Fixation,,,100.0,7.0,True,11,,,
1376.0,,,,,,,,,Fixation,,,100.0,7.0,True,11,,,
1380.0,1059.2434692382812,1475.0518798828125,0.4137669801712036,1.0243415832519531,,,2.035919189453125,,Saccade,,,,0.0,False,12,,,
1384.0,824.2010498046874,1321.7717456817627,0.3499389290809631,0.9613378643989564,0.321953535079956,0.9178970456123352,2.332733154296875,2.2387237548828125,Saccade,,,,0.0,False,12,,,
1388.0,996.6005706787108,1367.8455734252927,0.3892970979213714,0.94989275932312,,,2.423095703125,,Saccade,,,,0.0,False,12,,,
1392.0,1045.3033447265625,1289.7539806365967,0.4083216190338135,0.8956624865531921,,,2.590423583984375,,Saccade,,,,0.0,False,12,,,
1396.0,1055.652618408203,1234.7669792175293,0.4123643040657043,0.857477068901062,,,2.7137603759765625,,Saccade,,,,0.0,False,12,,,
1400.0,886.4907836914061,1119.871015548706,0.4091441929340362,0.8079429268836975,0.3462854623794555,0.777688205242157,2.78387451171875,2.611175537109375,Saccade,,,,0.0,False,12,,,
1404.0,955.3505706787108,1081.5322494506836,0.4106484353542328,0.7997004389762878,0.3731838166713714,0.7510640621185303,2.819000244140625,2.76544189453125,Saccade,,,,0.0,False,12,,,
1408.0,1008.2225799560546,1028.0934619903564,0.4083566069602966,0.7737563252449036,0.3938369452953338,0.7139537930488586,2.9013824462890625,2.85418701171875,Saccade,,,,0.0,False,12,,,
1412.0,1002.5189208984374,1000.9847831726074,0.4115142524242401,0.7559481859207153,0.3916089534759521,0.695128321647644,2.92572021484375,2.891998291015625,Saccade,,,,0.0,False,12,,,
1416.0,1017.7995300292969,986.449785232544,0.4178880751132965,0.7546435594558716,0.3975779414176941,0.6850345730781555,2.953857421875,2.9021148681640625,Saccade,,,,0.0,False,12,,,
1420.0,1022.3535919189453,1020.4474925994873,0.4127848446369171,0.7518133521080017,0.399356871843338,0.7086440920829773,2.946746826171875,2.8770751953125,Saccade,,,,0.0,False,12,,,
1424.0,1035.357894897461,1001.3090515136719,0.4121614694595337,0.7585660815238953,0.4044366776943207,0.6953535079956055,2.92449951171875,2.9032745361328125,Saccade,,,,0.0,False,12,,,
1428.0,1031.0112762451172,1046.4345359802246,0.4105054438114166,0.77059406042099,0.4027387797832489,0.7266906499862671,2.9144744873046875,2.8573455810546875,Saccade,,,,0.0,False,12,,,
1432.0,1039.7233581542969,1050.75834274292,0.4126527011394501,0.769010066986084,0.4061419367790222,0.7296932935714722,2.8974151611328125,2.8672332763671875,Saccade,,,,0.0,False,12,,,
1436.0,1020.2189636230469,1068.484182357788,0.4118653535842895,0.769681453704834,0.3985230326652527,0.7420029044151306,2.896469116210937,2.8280181884765625,Saccade,,,,0.0,False,12,,,
1440.0,1034.8928833007812,1085.4820919036865,0.4089600145816803,0.776323139667511,0.4042550325393677,0.753807008266449,2.8957672119140625,2.8172149658203125,Fixation,1024.912678486592,1079.7220407949912,144.0,8.0,True,13,word,in,3.0
1444.0,1038.2386779785154,1080.6390953063965,0.4118215143680572,0.7804431915283203,0.4055619835853576,0.7504438161849976,2.901596069335937,2.8134765625,Fixation,1024.912678486592,1079.7220407949912,144.0,8.0,True,13,word,in,3.0
1448.0,1010.6785583496093,1086.767578125,0.4134446084499359,0.767553985118866,0.3947963118553161,0.75469970703125,2.90911865234375,2.799468994140625,Fixation,1024.912678486592,1079.7220407949912,144.0,8.0,True,13,word,in,3.0
1452.0,1025.8941650390625,1079.673843383789,0.413049578666687,0.7727155685424805,0.4007399082183838,0.7497735023498535,2.915069580078125,2.811737060546875,Fixation,1024.912678486592,1079.7220407949912,144.0,8.0,True,13,word,in,3.0
1456.0,1032.1712493896484,1078.8886642456055,0.4106523394584656,0.7690614461898804,0.4031918942928314,0.7492282390594482,2.9052276611328125,2.8099822998046875,Fixation,1024.912678486592,1079.7220407949912,144.0,8.0,True,13,word,in,3.0
1460.0,1036.8433380126953,1081.868019104004,0.4119429588317871,0.771759569644928,0.4050169289112091,0.7512972354888916,2.9127655029296875,2.8164215087890625,Fixation,1024.912678486592,1079.7220407949912,144.0,8.0,True,13,word,in,3.0
1464.0,1027.0432281494138,1082.1940898895264,0.413672000169754,0.7693313956260681,0.4011887609958648,0.7515236735343933,2.92156982421875,2.8236083984375,Fixation,1024.912678486592,1079.7220407949912,144.0,8.0,True,13,word,in,3.0
1468.0,1011.4350128173827,1072.4040699005127,0.4150309860706329,0.7670236825942993,0.3950918018817901,0.7447250485420227,2.9300994873046875,2.81231689453125,Fixation,1024.912678486592,1079.7220407949912,144.0,8.0,True,13,word,in,3.0
1472.0,1021.9029998779297,1078.3618354797363,0.4095327258110046,0.7716402411460876,0.3991808593273163,0.7488623857498169,2.9087371826171875,2.8124237060546875,Fixation,1024.912678486592,1079.7220407949912,144.0,8.0,True,13,word,in,3.0
1476.0,1028.5146331787107,1081.2604236602783,0.410687655210495,0.7653380632400513,0.4017635285854339,0.7508752942085266,2.90716552734375,2.806015014648437,Fixation,1024.912678486592,1079.7220407949912,144.0,8.0,True,13,word,in,3.0
1480.0,1021.2773895263672,1078.8789653778076,0.410712331533432,0.7685641050338745,0.3989364802837372,0.7492215037345886,2.9135894775390625,2.808074951171875,Fixation,1024.912678486592,1079.7220407949912,144.0,8.0,True,13,word,in,3.0
1484.0,1013.4107971191406,1079.1383457183838,0.4092605710029602,0.7628180980682373,0.3958635926246643,0.7494016289710999,2.9126129150390625,2.8277740478515625,Fixation,1024.912678486592,1079.7220407949912,144.0,8.0,True,13,word,in,3.0
1488.0,1024.704666137695,1072.6584720611572,0.4137967824935913,0.7742969393730164,0.4002752602100372,0.744901716709137,2.92816162109375,2.809906005859375,Fixation,1024.912678486592,1079.7220407949912,144.0,8.0,True,13,word,in,3.0
1492.0,1025.4396057128906,1072.3144626617432,0.4178407490253448,0.7699794173240662,0.4005623459815979,0.7446628212928772,2.908111572265625,2.813446044921875,Fixation,1024.912678486592,1079.7220407949912,144.0,8.0,True,13,word,in,3.0
1496.0,1028.0215454101562,1074.6834754943848,0.4101634323596954,0.774829089641571,0.4015709161758423,0.7463079690933228,2.9215545654296875,2.831146240234375,Fixation,1024.912678486592,1079.7220407949912,144.0,8.0,True,13,word,in,3.0
1500.0,1014.4216918945311,1080.9217357635498,0.4071043133735657,0.7745941281318665,0.3962584733963012,0.7506400942802429,2.910888671875,2.811431884765625,Fixation,1024.912678486592,1079.7220407949912,144.0,8.0,True,13,word,in,3.0
1504.0,1024.847412109375,1081.873254776001,0.4097168743610382,0.7674033045768738,0.4003310203552246,0.7513008713722229,2.9049530029296875,2.805755615234375,Fixation,1024.912678486592,1079.7220407949912,144.0,8.0,True,13,word,in,3.0
1508.0,1027.1630096435545,1077.4497985839844,0.4127238988876343,0.7757578492164612,0.4012355506420135,0.7482290267944336,2.929443359375,2.8189239501953125,Fixation,1024.912678486592,1079.7220407949912,144.0,8.0,True,13,word,in,3.0
1512.0,1017.1859741210936,1069.2513370513916,0.4088698625564575,0.7695305943489075,0.3973382711410522,0.7425356507301331,2.91766357421875,2.809432983398437,Fixation,1024.912678486592,1079.7220407949912,144.0,8.0,True,13,word,in,3.0
1516.0,1029.4869995117185,1074.142656326294,0.410665214061737,0.76701819896698,0.4021433591842651,0.745932400226593,2.91839599609375,2.8231201171875,Fixation,1024.912678486592,1079.7220407949912,144.0,8.0,True,13,word,in,3.0
1520.0,1028.8945770263672,1087.705192565918,0.4199785590171814,0.7770586013793945,0.4019119441509247,0.7553508281707764,2.924591064453125,2.817977905273437,Fixation,1024.912678486592,1079.7220407949912,144.0,8.0,True,13,word,in,3.0
1524.0,1025.6304168701172,1082.9991817474365,0.4136302173137665,0.7709790468215942,0.4006368815898895,0.7520827651023865,2.9297027587890625,2.8268280029296875,Fixation,1024.912678486592,1079.7220407949912,144.0,8.0,True,13,word,in,3.0
1528.0,1014.374771118164,1077.398386001587,0.4061038196086883,0.7659702897071838,0.3962401449680328,0.7481933236122131,2.9151611328125,2.831390380859375,Fixation,1024.912678486592,1079.7220407949912,144.0,8.0,True,13,word,in,3.0
1532.0,1020.9785461425781,1082.3144245147705,0.4128181040287018,0.7725687623023987,0.3988197445869446,0.7516072392463684,2.923568725585937,2.830917358398437,Fixation,1024.912678486592,1079.7220407949912,144.0,8.0,True,13,word,in,3.0
1536.0,1039.6456909179685,1084.718370437622,0.4177286922931671,0.7641476988792419,0.4061115980148315,0.7532766461372375,2.925033569335937,2.8193511962890625,Fixation,1024.912678486592,1079.7220407949912,144.0,8.0,True,13,word,in,3.0
1540.0,1028.4484100341795,1085.051565170288,0.4098939001560211,0.7672678232192993,0.4017376601696014,0.7535080313682556,2.925872802734375,2.82501220703125,Fixation,1024.912678486592,1079.7220407949912,144.0,8.0,True,13,word,in,3.0
1544.0,1018.7277221679688,1087.4224662780762,0.4118289351463318,0.7668254971504211,0.3979405164718628,0.7551544904708862,2.9182281494140625,2.82305908203125,Fixation,1024.912678486592,1079.7220407949912,144.0,8.0,True,13,word,in,3.0
1548.0,1020.9239959716797,1093.9158153533936,0.4137707650661468,0.7708675861358643,0.3987984359264374,0.7596637606620789,2.9225311279296875,2.817413330078125,Fixation,1024.912678486592,1079.7220407949912,144.0,8.0,True,13,word,in,3.0
1552.0,1029.3441009521484,1091.567144393921,0.4104094505310058,0.7743276357650757,0.402087539434433,0.7580327391624451,2.9364471435546875,2.831283569335937,Fixation,1024.912678486592,1079.7220407949912,144.0,8.0,True,13,word,in,3.0
1556.0,1015.9026336669922,1082.9127502441406,0.4120001494884491,0.767916202545166,0.3968369662761688,0.7520227432250977,2.9401092529296875,2.8243408203125,Fixation,1024.912678486592,1079.7220407949912,144.0,8.0,True,13,word,in,3.0
1560.0,1012.5746917724608,1084.3087005615234,0.4137834012508392,0.7679265737533569,0.3955369889736175,0.7529921531677246,2.9322967529296875,2.8230133056640625,Fixation,1024.912678486592,1079.7220407949912,144.0,8.0,True,13,word,in,3.0
1564.0,1023.1111907958984,1083.4922790527344,0.4134879112243652,0.7679607272148132,0.3996528089046478,0.7524251937866211,2.93939208984375,2.8424072265625,Fixation,1024.912678486592,1079.7220407949912,144.0,8.0,True,13,word,in,3.0
1568.0,1027.2891998291016,1073.679084777832,0.4083703160285949,0.7653676271438599,0.4012848436832428,0.7456104755401611,2.9267120361328125,2.829925537109375,Fixation,1024.912678486592,1079.7220407949912,144.0,8.0,True,13,word,in,3.0
1572.0,1007.7733612060547,1072.7843856811523,0.4139903485774994,0.7674188017845154,0.3936614692211151,0.7449891567230225,2.9382781982421875,2.83721923828125,Fixation,1024.912678486592,1079.7220407949912,144.0,8.0,True,13,word,in,3.0
1576.0,1010.7389831542969,1081.4023876190186,0.4125779569149017,0.7682268023490906,0.3948199152946472,0.7509738802909851,2.9381561279296875,2.83203125,Fixation,1024.912678486592,1079.7220407949912,144.0,8.0,True,13,word,in,3.0
1580.0,1033.8462829589841,1083.1765937805176,0.4062419533729553,0.7575910091400146,0.4038462042808532,0.7522059679031372,2.95556640625,2.859161376953125,Fixation,1024.912678486592,1079.7220407949912,144.0,8.0,True,13,word,in,3.0
1584.0,1069.9906921386719,1046.0145664215088,0.415786474943161,0.7541239261627197,0.4179651141166687,0.7263990044593811,2.9411163330078125,2.8280029296875,Fixation,1024.912678486592,1079.7220407949912,144.0,8.0,True,13,word,in,3.0
1588.0,1171.153335571289,982.2323226928711,0.4336368441581726,0.6979172825813293,0.4574817717075348,0.6821057796478271,2.948104858398437,2.8332061767578125,Saccade,,,,0.0,False,14,,,
1592.0,1284.2184448242188,854.8420715332031,0.4666883647441864,0.6218661069869995,0.5016478300094604,0.5936403274536133,2.9256134033203125,2.8267974853515625,Saccade,,,,0.0,False,14,,,
1596.0,1367.5778198242188,789.1457176208496,0.4977454543113708,0.5488356947898865,0.5342100858688354,0.5480178594589233,2.925506591796875,2.86376953125,Saccade,,,,0.0,False,14,,,
1600.0,1434.2936706542969,681.1051368713378,0.5238388180732727,0.4966143071651459,0.5602709650993347,0.4729896783828735,2.977813720703125,2.8608856201171875,Saccade,,,,0.0,False,14,,,
1604.0,1456.9688415527344,607.0257854461669,0.5539870262145996,0.4116102457046509,0.5691284537315369,0.4215456843376159,2.9316558837890625,2.93682861328125,Saccade,,,,0.0,False,14,,,
1608.0,1464.1067504882812,482.37958431243896,0.5539591312408447,0.3865963220596313,0.5719166994094849,0.3349858224391937,3.0087890625,2.9077911376953125,Saccade,,,,0.0,False,14,,,
1612.0,1446.8840026855469,381.04890346527094,0.5371425151824951,0.3378429114818573,0.5651890635490417,0.2646172940731048,3.017547607421875,2.9010162353515625,Saccade,,,,0.0,False,14,,,
1616.0,1407.9454040527344,354.1384291648864,0.5154933333396912,0.3097257614135742,0.5499786734580994,0.2459294646978378,3.044281005859375,2.92657470703125,Saccade,,,,0.0,False,14,,,
1620.0,1409.9505615234375,315.0705528259276,0.5225257873535156,0.2700852453708648,0.5507619380950928,0.2187989950180053,3.015289306640625,2.880599975585937,Saccade,,,,0.0,False,14,,,
1624.0,1393.0506896972656,386.5697050094604,0.5242562294006348,0.2670979797840118,0.5441604256629944,0.2684511840343475,2.9702606201171875,2.9476318359375,Saccade,,,,0.0,False,14,,,
1628.0,1375.489501953125,441.57511711120605,0.5332732200622559,0.3237375915050506,0.5373005867004395,0.306649386882782,3.035385131835937,2.970809936523437,Saccade,,,,0.0,False,14,,,
1632.0,1381.6029357910156,432.1153736114502,0.529338002204895,0.3163849711418152,0.5396886467933655,0.3000801205635071,3.006317138671875,2.9269256591796875,Saccade,,,,0.0,False,14,,,
1636.0,1381.2020874023438,408.4754991531372,0.5256537795066833,0.3072458207607269,0.5395320653915405,0.2836635410785675,3.0335235595703125,2.949371337890625,Saccade,,,,0.0,False,14,,,
1640.0,1377.8076171875,407.02603340148926,0.5304636359214783,0.2780024409294128,0.5382061004638672,0.2826569676399231,3.038299560546875,2.970565795898437,Saccade,,,,0.0,False,14,,,
1644.0,1372.144775390625,375.7134962081909,0.5328402519226074,0.2452518343925476,0.5359940528869629,0.260912150144577,3.001937866210937,2.968978881835937,Saccade,,,,0.0,False,14,,,
1648.0,1367.0462036132812,359.43053483963,0.5286680459976196,0.2810321748256683,0.534002423286438,0.2496045380830764,3.0622711181640625,2.957748413085937,Saccade,,,,0.0,False,14,,,
1652.0,1374.3087768554688,345.96273422241205,0.5279238820075989,0.2571229338645935,0.5368393659591675,0.2402518987655639,3.0257110595703125,2.96099853515625,Saccade,,,,0.0,False,14,,,
1656.0,1368.3560180664062,352.07703351974476,0.5304756760597229,0.2579631507396698,0.5345140695571899,0.2444979399442672,3.038848876953125,2.9949188232421875,Saccade,,,,0.0,False,14,,,
1660.0,1365.3643798828125,347.3762583732604,0.5317010879516602,0.26039719581604,0.5333454608917236,0.2412335127592086,3.036483764648437,2.990386962890625,Saccade,,,,0.0,False,14,,,
1664.0,1356.1643981933594,349.7571372985839,0.5304301977157593,0.249772772192955,0.529751718044281,0.2428869009017944,3.0209197998046875,2.9915771484375,Saccade,,,,0.0,False,14,,,
1668.0,1366.7768859863281,317.32176303863525,0.5302385091781616,0.2751942276954651,0.5338972210884094,0.2203623354434967,3.0786895751953125,2.960205078125,Fixation,1367.6637218844505,340.2369713014172,368.0,9.0,True,15,image,,11.0
1672.0,1375.3195190429688,344.38430786132807,0.5308282375335693,0.277826189994812,0.5372341871261597,0.2391557693481445,3.0797271728515625,2.997650146484375,Fixation,1367.6637218844505,340.2369713014172,368.0,9.0,True,15,image,,11.0
1676.0,1369.9398803710938,353.2546734809875,0.5333452820777893,0.2355464100837707,0.5351327657699585,0.245315745472908,3.010406494140625,3.010040283203125,Fixation,1367.6637218844505,340.2369713014172,368.0,9.0,True,15,image,,11.0
1680.0,1366.3967895507812,365.0165462493896,0.5297340750694275,0.2761536836624145,0.5337487459182739,0.2534837126731872,3.080596923828125,3.0238189697265625,Fixation,1367.6637218844505,340.2369713014172,368.0,9.0,True,15,image,,11.0
1684.0,1369.8422241210938,313.83517026901234,0.5310888886451721,0.2735770046710968,0.5350946187973022,0.2179410904645919,3.0862579345703125,2.967926025390625,Fixation,1367.6637218844505,340.2369713014172,368.0,9.0,True,15,image,,11.0
1688.0,1375.15380859375,316.583490371704,0.533462405204773,0.2641396522521972,0.5371694564819336,0.2198496460914611,3.05615234375,2.9638824462890625,Fixation,1367.6637218844505,340.2369713014172,368.0,9.0,True,15,image,,11.0
1692.0,1369.5649719238281,300.5219721794128,0.5337893962860107,0.2487825006246566,0.5349863171577454,0.2086958140134811,3.0325927734375,2.968902587890625,Fixation,1367.6637218844505,340.2369713014172,368.0,9.0,True,15,image,,11.0
1696.0,1366.680908203125,353.1922745704651,0.5313461422920227,0.2644608616828918,0.5338597297668457,0.2452724128961563,3.055892944335937,3.0207672119140625,Fixation,1367.6637218844505,340.2369713014172,368.0,9.0,True,15,image,,11.0
1700.0,1370.5537414550781,366.45463943481445,0.5305160284042358,0.2503494322299957,0.5353725552558899,0.2544823884963989,3.044296264648437,3.0233306884765625,Fixation,1367.6637218844505,340.2369713014172,368.0,9.0,True,15,image,,11.0
1704.0,1366.2391662597656,343.80756855010986,0.533996045589447,0.2859040796756744,0.533687174320221,0.2387552559375763,3.114044189453125,2.993438720703125,Fixation,1367.6637218844505,340.2369713014172,368.0,9.0,True,15,image,,11.0
1708.0,1359.4631958007812,318.89398813247675,0.5332812070846558,0.2383480370044708,0.5310403108596802,0.2214541584253311,3.031356811523437,2.975738525390625,Fixation,1367.6637218844505,340.2369713014172,368.0,9.0,True,15,image,,11.0
1712.0,1372.0500183105469,312.99628257751465,0.5319482088088989,0.2641772329807281,0.5359570384025574,0.2173585295677185,3.080307006835937,2.965728759765625,Fixation,1367.6637218844505,340.2369713014172,368.0,9.0,True,15,image,,11.0
1716.0,1370.7257080078125,325.89474678039545,0.5348061919212341,0.2588877379894256,0.5354397296905518,0.2263157963752746,3.0743560791015625,2.991806030273437,Fixation,1367.6637218844505,340.2369713014172,368.0,9.0,True,15,image,,11.0
1720.0,1373.8150024414062,348.2242012023925,0.5329676270484924,0.2506973445415497,0.5366464853286743,0.2418223619461059,3.0551300048828125,3.010467529296875,Fixation,1367.6637218844505,340.2369713014172,368.0,9.0,True,15,image,,11.0
1724.0,1374.9082946777344,344.8251557350158,0.5332525968551636,0.246423989534378,0.53707355260849,0.2394619137048721,3.05816650390625,3.001693725585937,Fixation,1367.6637218844505,340.2369713014172,368.0,9.0,True,15,image,,11.0
1728.0,1368.1243896484375,353.2701873779296,0.5318847298622131,0.2414533942937851,0.5344235897064209,0.2453265190124511,3.03070068359375,3.004669189453125,Fixation,1367.6637218844505,340.2369713014172,368.0,9.0,True,15,image,,11.0
1732.0,1363.428955078125,353.8355541229247,0.5321813225746155,0.2482307404279709,0.5325894355773926,0.2457191348075866,3.0455322265625,3.0130615234375,Fixation,1367.6637218844505,340.2369713014172,368.0,9.0,True,15,image,,11.0
1736.0,1370.4945373535156,336.9503402709961,0.5346065163612366,0.2663065791130066,0.535349428653717,0.2339932918548584,3.0800933837890625,2.9999542236328125,Fixation,1367.6637218844505,340.2369713014172,368.0,9.0,True,15,image,,11.0
1740.0,1371.7791748046875,338.0628132820129,0.5306506752967834,0.2454063147306442,0.535851240158081,0.2347658425569534,3.0396728515625,2.989898681640625,Fixation,1367.6637218844505,340.2369713014172,368.0,9.0,True,15,image,,11.0
1744.0,1376.1866760253906,335.2632308006286,0.5317758321762085,0.2803969979286194,0.5375729203224182,0.2328216880559921,3.1043853759765625,2.9913787841796875,Fixation,1367.6637218844505,340.2369713014172,368.0,9.0,True,15,image,,11.0
1748.0,1361.5254211425781,342.944905757904,0.5351452231407166,0.2495110481977462,0.5318458676338196,0.2381561845541,3.0550537109375,3.0090789794921875,Fixation,1367.6637218844505,340.2369713014172,368.0,9.0,True,15,image,,11.0
1752.0,1361.49658203125,340.51081180572504,0.5294178128242493,0.2575631141662597,0.531834602355957,0.2364658415317535,3.0587921142578125,2.998779296875,Fixation,1367.6637218844505,340.2369713014172,368.0,9.0,True,15,image,,11.0
1756.0,1368.6888122558594,341.2485694885254,0.5322507619857788,0.263841837644577,0.5346440672874451,0.2369781732559204,3.069076538085937,2.990264892578125,Fixation,1367.6637218844505,340.2369713014172,368.0,9.0,True,15,image,,11.0
1760.0,1364.9287414550781,349.98042583465576,0.5330129265785217,0.274483323097229,0.5331752896308899,0.2430419623851776,3.078155517578125,3.014617919921875,Fixation,1367.6637218844505,340.2369713014172,368.0,9.0,True,15,image,,11.0
1764.0,1367.313232421875,341.64626598358143,0.5301173329353333,0.2765706777572632,0.5341067314147949,0.2372543513774871,3.0827789306640625,2.988388061523437,Fixation,1367.6637218844505,340.2369713014172,368.0,9.0,True,15,image,,11.0
1768.0,1366.5220642089844,347.7155900001525,0.5298769474029541,0.2448545098304748,0.5337976813316345,0.2414691597223281,3.0420379638671875,2.9959716796875,Fixation,1367.6637218844505,340.2369713014172,368.0,9.0,True,15,image,,11.0
1772.0,1367.5523376464844,352.9700589179992,0.5338457226753235,0.2357607185840606,0.534200131893158,0.2451180964708328,3.028549194335937,3.0025177001953125,Fixation,1367.6637218844505,340.2369713014172,368.0,9.0,True,15,image,,11.0
1776.0,1361.6554260253906,348.7212681770324,0.5313844084739685,0.2718980610370636,0.5318966507911682,0.2421675473451614,3.0732421875,3.0067138671875,Fixation,1367.6637218844505,340.2369713014172,368.0,9.0,True,15,image,,11.0
1780.0,1361.5176391601562,335.1147222518921,0.5307362675666809,0.2813427746295929,0.531842827796936,0.2327185571193695,3.111572265625,2.9970703125,Fixation,1367.6637218844505,340.2369713014172,368.0,9.0,True,15,image,,11.0
1784.0,1365.1237487792969,321.2803816795349,0.5317186713218689,0.2258810698986053,0.5332514643669128,0.2231113761663437,2.999740600585937,2.9659576416015625,Fixation,1367.6637218844505,340.2369713014172,368.0,9.0,True,15,image,,11.0
1788.0,1369.2642211914062,345.69193840026855,0.5351777076721191,0.244622066617012,0.5348688364028931,0.2400638461112976,3.0364990234375,2.984603881835937,Fixation,1367.6637218844505,340.2369713014172,368.0,9.0,True,15,image,,11.0
1792.0,1363.6087036132812,335.97901582717896,0.5325363278388977,0.2525421679019928,0.532659649848938,0.2333187609910965,3.027130126953125,2.992904663085937,Fixation,1367.6637218844505,340.2369713014172,368.0,9.0,True,15,image,,11.0
1796.0,1362.6170349121094,341.1293077468872,0.5310013890266418,0.2752788066864013,0.5322722792625427,0.236895352602005,3.0802001953125,2.987213134765625,Fixation,1367.6637218844505,340.2369713014172,368.0,9.0,True,15,image,,11.0
1800.0,1364.7935485839844,336.6232180595398,0.530771791934967,0.2427841424942016,0.5331224799156189,0.2337661236524582,3.027923583984375,2.9942779541015625,Fixation,1367.6637218844505,340.2369713014172,368.0,9.0,True,15,image,,11.0
1804.0,1365.0753784179688,323.6891341209411,0.5317794680595398,0.2675807476043701,0.533232569694519,0.2247841209173202,3.0688018798828125,2.987777709960937,Fixation,1367.6637218844505,340.2369713014172,368.0,9.0,True,15,image,,11.0
1808.0,1364.1555786132812,324.2288374900818,0.5340480804443359,0.2351043820381164,0.532873272895813,0.2251589149236679,3.0339813232421875,2.9598541259765625,Fixation,1367.6637218844505,340.2369713014172,368.0,9.0,True,15,image,,11.0
1812.0,1360.3317260742188,320.26328802108765,0.5343106985092163,0.2644788920879364,0.5313795804977417,0.2224050611257553,3.064483642578125,2.955917358398437,Fixation,1367.6637218844505,340.2369713014172,368.0,9.0,True,15,image,,11.0
1816.0,1362.8019714355469,309.89858865737904,0.5319989323616028,0.2414551079273224,0.5323445200920105,0.215207353234291,3.01776123046875,2.9564666748046875,Fixation,1367.6637218844505,340.2369713014172,368.0,9.0,True,15,image,,11.0
1820.0,1370.6364440917969,330.22181510925293,0.531321108341217,0.2350248247385025,0.5354048609733582,0.2293207049369812,2.993515014648437,2.9705352783203125,Fixation,1367.6637218844505,340.2369713014172,368.0,9.0,True,15,image,,11.0
1824.0,1359.9652099609375,339.8076653480529,0.5331370234489441,0.2289657294750213,0.5312364101409912,0.2359775453805923,2.989410400390625,2.992919921875,Fixation,1367.6637218844505,340.2369713014172,368.0,9.0,True,15,image,,11.0
1828.0,1359.1893005371094,357.83421277999867,0.533300518989563,0.2506329715251922,0.5309333205223083,0.2484959810972213,3.020248413085937,2.9892730712890625,Fixation,1367.6637218844505,340.2369713014172,368.0,9.0,True,15,image,,11.0
1832.0,1359.7392272949219,349.60852146148676,0.5320033431053162,0.2479000836610794,0.5311481356620789,0.2427836954593658,3.0107421875,2.988021850585937,Fixation,1367.6637218844505,340.2369713014172,368.0,9.0,True,15,image,,11.0
1836.0,1359.9742126464844,361.46680355072016,0.53053879737854,0.239409938454628,0.531239926815033,0.251018613576889,3.003448486328125,2.981658935546875,Fixation,1367.6637218844505,340.2369713014172,368.0,9.0,True,15,image,,11.0
1840.0,1368.3065795898438,348.0201387405395,0.5276722311973572,0.2468936294317245,0.5344947576522827,0.2416806519031524,3.00909423828125,2.9782867431640625,Fixation,1367.6637218844505,340.2369713014172,368.0,9.0,True,15,image,,11.0
1844.0,1359.7090148925781,325.768232345581,0.5265582203865051,0.2309392541646957,0.5311363339424133,0.2262279391288757,2.9942626953125,2.964706420898437,Fixation,1367.6637218844505,340.2369713014172,368.0,9.0,True,15,image,,11.0
1848.0,1368.3262634277344,346.8292379379272,0.5301653146743774,0.2239859700202942,0.5345024466514587,0.2408536374568939,2.979354858398437,2.985626220703125,Fixation,1367.6637218844505,340.2369713014172,368.0,9.0,True,15,image,,11.0
1852.0,1361.6787719726562,351.5628433227539,0.5329596996307373,0.2477908283472061,0.5319057703018188,0.2441408634185791,3.0113067626953125,2.984954833984375,Fixation,1367.6637218844505,340.2369713014172,368.0,9.0,True,15,image,,11.0
1856.0,1372.2462463378906,344.64634895324707,0.5290873646736145,0.2422490268945694,0.5360336899757385,0.2393377423286438,3.0011444091796875,2.979827880859375,Fixation,1367.6637218844505,340.2369713014172,368.0,9.0,True,15,image,,11.0
1860.0,1366.2431335449219,337.79993534088135,0.5339852571487427,0.2374265491962433,0.5336887240409851,0.2345832884311676,2.999053955078125,2.9698944091796875,Fixation,1367.6637218844505,340.2369713014172,368.0,9.0,True,15,image,,11.0
1864.0,1364.7331237792969,363.0647993087768,0.5318353176116943,0.2465826272964477,0.5330988764762878,0.2521283328533172,3.0037078857421875,2.9962158203125,Fixation,1367.6637218844505,340.2369713014172,368.0,9.0,True,15,image,,11.0
1868.0,1372.740478515625,337.6845359802246,0.5305320024490356,0.2366072982549667,0.536226749420166,0.2345031499862671,2.97735595703125,2.9688720703125,Fixation,1367.6637218844505,340.2369713014172,368.0,9.0,True,15,image,,11.0
1872.0,1370.4978942871094,345.42753696441645,0.5334386229515076,0.2437361478805542,0.5353507399559021,0.239880234003067,3.0018463134765625,2.9769744873046875,Fixation,1367.6637218844505,340.2369713014172,368.0,9.0,True,15,image,,11.0
1876.0,1375.3642272949219,355.75423479080195,0.5318208932876587,0.2337831109762191,0.5372516512870789,0.2470515519380569,3.0081787109375,2.9825897216796875,Fixation,1367.6637218844505,340.2369713014172,368.0,9.0,True,15,image,,11.0
1880.0,1366.0372924804688,370.8841896057129,0.5329248905181885,0.2380572706460952,0.5336083173751831,0.2575584650039673,2.9908905029296875,2.995574951171875,Fixation,1367.6637218844505,340.2369713014172,368.0,9.0,True,15,image,,11.0
1884.0,1367.4700927734375,350.4243636131286,0.5330417156219482,0.2455358207225799,0.534168004989624,0.2433502525091171,3.005355834960937,2.984130859375,Fixation,1367.6637218844505,340.2369713014172,368.0,9.0,True,15,image,,11.0
1888.0,1363.2289123535156,323.9934468269348,0.5299379825592041,0.2297049462795257,0.532511293888092,0.2249954491853714,2.9883270263671875,2.972564697265625,Fixation,1367.6637218844505,340.2369713014172,368.0,9.0,True,15,image,,11.0
1892.0,1359.239501953125,317.24391460418695,0.5291365385055542,0.249193862080574,0.5309529304504395,0.2203082740306854,3.00848388671875,2.961654663085937,Fixation,1367.6637218844505,340.2369713014172,368.0,9.0,True,15,image,,11.0
1896.0,1370.5947875976562,323.788697719574,0.5297479033470154,0.2850026190280914,0.5353885889053345,0.2248532623052597,3.060531616210937,2.9603271484375,Fixation,1367.6637218844505,340.2369713014172,368.0,9.0,True,15,image,,11.0
1900.0,1370.2334594726562,312.2715926170349,0.5332145094871521,0.2454683780670166,0.5352474451065063,0.2168552726507187,2.97900390625,2.96343994140625,Fixation,1367.6637218844505,340.2369713014172,368.0,9.0,True,15,image,,11.0
1904.0,1372.0988464355469,324.0846633911132,0.5311417579650879,0.2495243996381759,0.5359761118888855,0.2250587940216064,2.9996337890625,2.95465087890625,Fixation,1367.6637218844505,340.2369713014172,368.0,9.0,True,15,image,,11.0
1908.0,1368.8887023925781,350.08258581161493,0.5330204963684082,0.2395409792661667,0.5347221493721008,0.2431129068136215,2.966522216796875,2.9752197265625,Fixation,1367.6637218844505,340.2369713014172,368.0,9.0,True,15,image,,11.0
1912.0,1367.4661254882812,364.2151880264282,0.5315538048744202,0.2404340207576751,0.5341664552688599,0.2529272139072418,2.9853057861328125,3.0013885498046875,Fixation,1367.6637218844505,340.2369713014172,368.0,9.0,True,15,image,,11.0
1916.0,1369.1203308105469,369.57612991333,0.5280622839927673,0.245059996843338,0.5348126292228699,0.2566500902175903,2.996795654296875,2.9938201904296875,Fixation,1367.6637218844505,340.2369713014172,368.0,9.0,True,15,image,,11.0
1920.0,1372.9130554199219,341.9855546951294,0.5296745300292969,0.2534549832344055,0.536294162273407,0.2374899685382843,2.9997100830078125,2.9833984375,Fixation,1367.6637218844505,340.2369713014172,368.0,9.0,True,15,image,,11.0
1924.0,1362.5505065917969,348.2158970832824,0.5329374670982361,0.2441746145486831,0.5322462916374207,0.2418165951967239,3.005462646484375,2.975128173828125,Fixation,1367.6637218844505,340.2369713014172,368.0,9.0,True,15,image,,11.0
1928.0,1368.5862731933594,351.57316446304316,0.5333535075187683,0.2417348027229309,0.534604012966156,0.2441480308771133,2.9745330810546875,2.988632202148437,Fixation,1367.6637218844505,340.2369713014172,368.0,9.0,True,15,image,,11.0
1932.0,1363.2548522949219,328.8116598129272,0.5302103757858276,0.2375358641147613,0.5325214266777039,0.2283414304256439,2.9628143310546875,2.95831298828125,Fixation,1367.6637218844505,340.2369713014172,368.0,9.0,True,15,image,,11.0
1936.0,1375.0468444824219,302.9891967773437,0.5330366492271423,0.2370303869247436,0.537127673625946,0.2104091644287109,2.982513427734375,2.92950439453125,Fixation,1367.6637218844505,340.2369713014172,368.0,9.0,True,15,image,,11.0
1940.0,1364.6867370605469,315.67643165588373,0.5304374694824219,0.222902238368988,0.5330807566642761,0.2192197442054748,2.962509155273437,2.962127685546875,Fixation,1367.6637218844505,340.2369713014172,368.0,9.0,True,15,image,,11.0
1944.0,1376.5031433105469,332.7683472633361,0.5310410857200623,0.2358863353729248,0.5376965403556824,0.2310891300439834,2.973968505859375,2.9746856689453125,Fixation,1367.6637218844505,340.2369713014172,368.0,9.0,True,15,image,,11.0
1948.0,1365.2493286132812,356.10496044158924,0.5322207808494568,0.2426990419626236,0.533300518989563,0.2472951114177703,2.98114013671875,3.0052947998046875,Fixation,1367.6637218844505,340.2369713014172,368.0,9.0,True,15,image,,11.0
1952.0,1370.3555297851562,362.8959703445434,0.528351366519928,0.2555883824825287,0.5352951288223267,0.252011090517044,3.022567749023437,3.0071563720703125,Fixation,1367.6637218844505,340.2369713014172,368.0,9.0,True,15,image,,11.0
1956.0,1367.5631713867188,335.3332042694091,0.5295827388763428,0.2394742965698242,0.534204363822937,0.2328702807426452,2.973358154296875,2.9827880859375,Fixation,1367.6637218844505,340.2369713014172,368.0,9.0,True,15,image,,11.0
1960.0,1363.1242370605469,349.9753832817077,0.5306839942932129,0.2421726435422897,0.5324704051017761,0.243038460612297,2.981231689453125,2.9984893798828125,Fixation,1367.6637218844505,340.2369713014172,368.0,9.0,True,15,image,,11.0
1964.0,1378.5212707519531,333.6268901824951,0.528459370136261,0.2456926107406616,0.5384848713874817,0.2316853404045105,2.978759765625,2.96966552734375,Fixation,1367.6637218844505,340.2369713014172,368.0,9.0,True,15,image,,11.0
1968.0,1367.6524353027344,359.09128904342646,0.5293423533439636,0.2444426715373993,0.5342392325401306,0.2493689507246017,2.9995574951171875,2.994476318359375,Fixation,1367.6637218844505,340.2369713014172,368.0,9.0,True,15,image,,11.0
1972.0,1369.4404602050781,357.2441053390502,0.5338791012763977,0.2407560795545578,0.5349376797676086,0.2480861842632293,2.99078369140625,3.004608154296875,Fixation,1367.6637218844505,340.2369713014172,368.0,9.0,True,15,image,,11.0
1976.0,1369.1841125488281,353.9063000679015,0.5279301404953003,0.2358013242483139,0.534837543964386,0.2457682639360427,2.99285888671875,2.997100830078125,Fixation,1367.6637218844505,340.2369713014172,368.0,9.0,True,15,image,,11.0
1980.0,1374.2948913574219,359.2843437194824,0.5314078330993652,0.284926563501358,0.5368339419364929,0.2495030164718628,3.05487060546875,2.9950408935546875,Fixation,1367.6637218844505,340.2369713014172,368.0,9.0,True,15,image,,11.0
1984.0,1368.9479064941406,355.8559012413025,0.5332911610603333,0.2336135059595108,0.5347452759742737,0.2471221536397934,2.9871063232421875,2.9965057373046875,Fixation,1367.6637218844505,340.2369713014172,368.0,9.0,True,15,image,,11.0
1988.0,1374.1494750976562,352.4487018585205,0.5296741127967834,0.2456304430961609,0.536777138710022,0.2447560429573059,2.9993896484375,2.996826171875,Fixation,1367.6637218844505,340.2369713014172,368.0,9.0,True,15,image,,11.0
1992.0,1372.5254821777344,327.66785860061634,0.5294883847236633,0.248755931854248,0.5361427664756775,0.2275471240282058,2.997528076171875,2.96099853515625,Fixation,1367.6637218844505,340.2369713014172,368.0,9.0,True,15,image,,11.0
1996.0,1374.3450927734375,336.9894790649413,0.5278049111366272,0.2430668622255325,0.536853551864624,0.2340204715728759,2.9918365478515625,2.972198486328125,Fixation,1367.6637218844505,340.2369713014172,368.0,9.0,True,15,image,,11.0
2000.0,1373.2894897460938,324.1302180290221,0.5341130495071411,0.2585164308547973,0.5364412069320679,0.2250904291868209,3.03204345703125,2.9674072265625,Fixation,1367.6637218844505,340.2369713014172,368.0,9.0,True,15,image,,11.0
2004.0,1372.183837890625,320.1701402664184,0.5312877297401428,0.2415312975645065,0.5360093116760254,0.2223403751850128,2.9912261962890625,2.9613037109375,Fixation,1367.6637218844505,340.2369713014172,368.0,9.0,True,15,image,,11.0
2008.0,1371.2821960449219,300.6024813652038,0.5321910381317139,0.2685626149177551,0.5356571078300476,0.2087517231702804,3.04290771484375,2.95635986328125,Fixation,1367.6637218844505,340.2369713014172,368.0,9.0,True,15,image,,11.0
2012.0,1376.4529418945312,319.8860406875609,0.5304785966873169,0.2461579293012619,0.5376769304275513,0.2221430838108062,3.0110626220703125,2.9745635986328125,Fixation,1367.6637218844505,340.2369713014172,368.0,9.0,True,15,image,,11.0
2016.0,1366.1549377441406,327.9225826263427,0.5325319766998291,0.2527799904346466,0.5336542725563049,0.227724015712738,3.0149078369140625,2.98175048828125,Fixation,1367.6637218844505,340.2369713014172,368.0,9.0,True,15,image,,11.0
2020.0,1375.7720947265625,343.3721494674682,0.5325706601142883,0.2547767460346222,0.5374109745025635,0.2384528815746307,3.019287109375,2.996078491210937,Fixation,1367.6637218844505,340.2369713014172,368.0,9.0,True,15,image,,11.0
2024.0,1368.4751892089844,366.3628005981445,0.5282668471336365,0.2538154721260071,0.5345606207847595,0.2544186115264892,3.008880615234375,2.996368408203125,Fixation,1367.6637218844505,340.2369713014172,368.0,9.0,True,15,image,,11.0
2028.0,1373.0247497558594,360.1705026626587,0.5297664403915405,0.2572658360004425,0.5363377928733826,0.2501184046268463,3.02294921875,2.9998779296875,Fixation,1367.6637218844505,340.2369713014172,368.0,9.0,True,15,image,,11.0
2032.0,1363.3476257324219,353.86589527130116,0.5261759161949158,0.2541403174400329,0.5325576663017273,0.2457402050495147,3.0177764892578125,3.0040740966796875,Fixation,1367.6637218844505,340.2369713014172,368.0,9.0,True,15,image,,11.0
2036.0,1333.7040710449219,358.8240122795104,0.5055915713310242,0.3134531378746032,0.5209781527519226,0.2491833418607711,3.0840301513671875,2.9870147705078125,Fixation,1367.6637218844505,340.2369713014172,368.0,9.0,True,15,image,,11.0
2040.0,1257.8170776367185,435.35964488983154,0.4742128252983093,0.3402822017669678,0.4913347959518432,0.3023330867290497,3.0491485595703125,3.035263061523437,Saccade,,,,0.0,False,16,,,
2044.0,1163.518371582031,515.8091354370117,0.4318757951259613,0.3674218952655792,0.4544993638992309,0.3582007884979248,3.0155181884765625,3.0565643310546875,Saccade,,,,0.0,False,16,,,
2048.0,1076.189956665039,557.1567821502686,0.3980629742145538,0.4105609059333801,0.4203867018222809,0.3869144320487976,3.0033416748046875,3.03094482421875,Saccade,,,,0.0,False,16,,,
2052.0,997.9198455810547,632.7269697189331,0.375171959400177,0.4617712497711181,0.3898124396800995,0.4393937289714813,2.985748291015625,3.0086669921875,Saccade,,,,0.0,False,16,,,
2056.0,909.1906738281249,708.0792331695557,0.3567180335521698,0.532570481300354,0.3551526069641113,0.4917216897010803,3.00640869140625,2.97796630859375,Saccade,,,,0.0,False,16,,,
2060.0,877.4129486083983,828.2400512695312,0.350229948759079,0.5990440845489502,0.3427394330501556,0.5751667022705078,3.0099639892578125,3.000213623046875,Saccade,,,,0.0,False,16,,,
2064.0,873.8139343261719,926.277322769165,0.348502904176712,0.6785762310028076,0.3413335680961609,0.6432481408119202,3.0252227783203125,2.986679077148437,Saccade,,,,0.0,False,16,,,
2068.0,884.7258758544922,1007.2270774841309,0.3509099185466766,0.7445744276046753,0.345596045255661,0.6994632482528687,3.024078369140625,2.97845458984375,Saccade,,,,0.0,False,16,,,
2072.0,865.7196044921874,1062.4842739105225,0.345617264509201,0.7829903364181519,0.3381717205047607,0.7378363013267517,2.99835205078125,2.970184326171875,Saccade,,,,0.0,False,16,,,
2076.0,850.9574890136719,1109.164752960205,0.3319126665592193,0.8102918267250061,0.3324052691459656,0.7702533006668091,3.0218963623046875,2.947494506835937,Fixation,854.2870489756266,1135.1170814037323,92.0,10.0,True,17,word,little,1.0
2080.0,838.0786895751952,1119.8716163635254,0.3375565111637115,0.8251795768737793,0.3273744881153106,0.7776886224746704,3.0325927734375,2.9222412109375,Fixation,854.2870489756266,1135.1170814037323,92.0,10.0,True,17,word,little,1.0
2084.0,854.4895935058594,1140.384120941162,0.3372671008110046,0.8167844414710999,0.3337849974632263,0.7919334173202515,2.9978485107421875,2.9405975341796875,Fixation,854.2870489756266,1135.1170814037323,92.0,10.0,True,17,word,little,1.0
2088.0,868.2351684570311,1119.6011638641357,0.3349527716636657,0.8033813834190369,0.3391543626785278,0.7775008082389832,2.994125366210937,2.96148681640625,Fixation,854.2870489756266,1135.1170814037323,92.0,10.0,True,17,word,little,1.0
2092.0,873.0229187011718,1116.6405200958252,0.3445630669593811,0.8108341693878174,0.3410245776176452,0.7754448056221008,3.011993408203125,2.9480743408203125,Fixation,854.2870489756266,1135.1170814037323,92.0,10.0,True,17,word,little,1.0
2096.0,867.5484466552734,1128.7633323669434,0.3434317708015442,0.8235324025154114,0.3388861119747162,0.7838634252548218,3.0042877197265625,2.9529266357421875,Fixation,854.2870489756266,1135.1170814037323,92.0,10.0,True,17,word,little,1.0
2100.0,857.9213714599608,1133.0796718597412,0.3417186141014099,0.8300807476043701,0.3351255357265472,0.7868608832359314,3.014755249023437,2.939193725585937,Fixation,854.2870489756266,1135.1170814037323,92.0,10.0,True,17,word,little,1.0
2104.0,860.0518035888671,1135.5491065979004,0.3422980308532715,0.8272656202316284,0.3359577357769012,0.7885757684707642,2.9982452392578125,2.9235382080078125,Fixation,854.2870489756266,1135.1170814037323,92.0,10.0,True,17,word,little,1.0
2108.0,866.0805511474608,1140.3527927398682,0.3413294553756714,0.8189883828163147,0.3383127152919769,0.7919116616249084,3.013916015625,2.9350128173828125,Fixation,854.2870489756266,1135.1170814037323,92.0,10.0,True,17,word,little,1.0
2112.0,855.2687072753905,1129.4888591766357,0.3424368798732757,0.822282075881958,0.3340893387794494,0.7843672633171082,3.0014190673828125,2.937103271484375,Fixation,854.2870489756266,1135.1170814037323,92.0,10.0,True,17,word,little,1.0
2116.0,860.0832366943359,1134.2613887786865,0.3369597792625427,0.8258056044578552,0.335970014333725,0.787681519985199,2.9998931884765625,2.9346466064453125,Fixation,854.2870489756266,1135.1170814037323,92.0,10.0,True,17,word,little,1.0
2120.0,863.1723022460936,1131.984043121338,0.3386650383472442,0.8281937837600708,0.3371766805648803,0.7861000299453735,2.986785888671875,2.93695068359375,Fixation,854.2870489756266,1135.1170814037323,92.0,10.0,True,17,word,little,1.0
2124.0,846.3515472412109,1121.6574096679688,0.3339977562427521,0.8265013098716736,0.330606073141098,0.7789287567138672,3.001617431640625,2.93505859375,Fixation,854.2870489756266,1135.1170814037323,92.0,10.0,True,17,word,little,1.0
2128.0,851.4272308349609,1136.2550640106201,0.3349580764770508,0.8220791816711426,0.3325887620449066,0.7890660166740417,2.9829559326171875,2.938232421875,Fixation,854.2870489756266,1135.1170814037323,92.0,10.0,True,17,word,little,1.0
2132.0,846.3122558593749,1133.774299621582,0.3368551135063171,0.8278795480728149,0.3305907249450683,0.7873432636260986,3.00299072265625,2.9163970947265625,Fixation,854.2870489756266,1135.1170814037323,92.0,10.0,True,17,word,little,1.0
2136.0,846.7169952392578,1133.4608459472656,0.338506817817688,0.8218311667442322,0.3307488262653351,0.7871255874633789,2.9873809814453125,2.92474365234375,Fixation,854.2870489756266,1135.1170814037323,92.0,10.0,True,17,word,little,1.0
2140.0,849.0810394287109,1136.1787605285645,0.3417841792106628,0.8211350440979004,0.3316722810268402,0.7890130281448364,2.9907379150390625,2.9114990234375,Fixation,854.2870489756266,1135.1170814037323,92.0,10.0,True,17,word,little,1.0
2144.0,848.3484649658202,1143.81254196167,0.3378830552101135,0.8246248960494995,0.3313861191272735,0.7943142652511597,2.973373413085937,2.923828125,Fixation,854.2870489756266,1135.1170814037323,92.0,10.0,True,17,word,little,1.0
2148.0,850.6891632080077,1150.5957412719727,0.3395432531833648,0.8228283524513245,0.332300454378128,0.7990248203277588,2.988861083984375,2.8976287841796875,Fixation,854.2870489756266,1135.1170814037323,92.0,10.0,True,17,word,little,1.0
2152.0,841.48193359375,1138.8710975646973,0.3468126356601715,0.8253552317619324,0.3287038803100586,0.7908827066421509,2.983367919921875,2.9032440185546875,Fixation,854.2870489756266,1135.1170814037323,92.0,10.0,True,17,word,little,1.0
2156.0,844.2125701904297,1155.8157920837402,0.3483404517173767,0.8293297290802002,0.3297705352306366,0.8026498556137085,2.9866943359375,2.863128662109375,Fixation,854.2870489756266,1135.1170814037323,92.0,10.0,True,17,word,little,1.0
2160.0,850.2242279052733,1155.4387378692627,0.3512429296970367,0.8338966965675354,0.3321188390254974,0.8023880124092102,2.97259521484375,2.8500213623046875,Fixation,854.2870489756266,1135.1170814037323,92.0,10.0,True,17,word,little,1.0
2164.0,860.3919982910156,1158.041639328003,0.3430826365947723,0.8361096382141113,0.336090624332428,0.8041955828666687,2.93560791015625,2.8584136962890625,Fixation,854.2870489756266,1135.1170814037323,92.0,10.0,True,17,word,little,1.0
2168.0,852.741470336914,1139.7666549682617,0.3550910353660583,0.8375256657600403,0.333102136850357,0.7915046215057373,2.9499969482421875,2.910980224609375,Fixation,854.2870489756266,1135.1170814037323,92.0,10.0,True,17,word,little,1.0
2172.0,775.1204681396483,1238.7641143798828,0.3415127694606781,0.9387373328208924,0.3027814328670501,0.860252857208252,2.712310791015625,2.7352752685546875,Saccade,,,,0.0,False,18,,,
2176.0,1019.4587707519531,1699.0129852294922,0.3982260823249817,1.1798701286315918,,,1.830596923828125,,Fixation,,,164.0,11.0,True,19,,,
2180.0,,,,,,,,,Fixation,,,164.0,11.0,True,19,,,
2184.0,,,,,,,,,Fixation,,,164.0,11.0,True,19,,,
2188.0,,,,,,,,,Fixation,,,164.0,11.0,True,19,,,
2192.0,,,,,,,,,Fixation,,,164.0,11.0,True,19,,,
2196.0,,,,,,,,,Fixation,,,164.0,11.0,True,19,,,
2200.0,,,,,,,,,Fixation,,,164.0,11.0,True,19,,,
2204.0,,,,,,,,,Fixation,,,164.0,11.0,True,19,,,
2208.0,,,,,,,,,Fixation,,,164.0,11.0,True,19,,,
2212.0,,,,,,,,,Fixation,,,164.0,11.0,True,19,,,
2216.0,,,,,,,,,Fixation,,,164.0,11.0,True,19,,,
2220.0,,,,,,,,,Fixation,,,164.0,11.0,True,19,,,
2224.0,,,,,,,,,Fixation,,,164.0,11.0,True,19,,,
2228.0,,,,,,,,,Fixation,,,164.0,11.0,True,19,,,
2232.0,,,,,,,,,Fixation,,,164.0,11.0,True,19,,,
2236.0,,,,,,,,,Fixation,,,164.0,11.0,True,19,,,
2240.0,,,,,,,,,Fixation,,,164.0,11.0,True,19,,,
2244.0,,,,,,,,,Fixation,,,164.0,11.0,True,19,,,
2248.0,,,,,,,,,Fixation,,,164.0,11.0,True,19,,,
2252.0,,,,,,,,,Fixation,,,164.0,11.0,True,19,,,
2256.0,,,,,,,,,Fixation,,,164.0,11.0,True,19,,,
2260.0,,,,,,,,,Fixation,,,164.0,11.0,True,19,,,
2264.0,,,,,,,,,Fixation,,,164.0,11.0,True,19,,,
2268.0,,,,,,,,,Fixation,,,164.0,11.0,True,19,,,
2272.0,,,,,,,,,Fixation,,,164.0,11.0,True,19,,,
2276.0,,,,,,,,,Fixation,,,164.0,11.0,True,19,,,
2280.0,,,,,,,,,Fixation,,,164.0,11.0,True,19,,,
2284.0,,,,,,,,,Fixation,,,164.0,11.0,True,19,,,
2288.0,,,,,,,,,Fixation,,,164.0,11.0,True,19,,,
2292.0,,,,,,,,,Fixation,,,164.0,11.0,True,19,,,
2296.0,,,,,,,,,Fixation,,,164.0,11.0,True,19,,,
2300.0,,,,,,,,,Fixation,,,164.0,11.0,True,19,,,
2304.0,,,,,,,,,Fixation,,,164.0,11.0,True,19,,,
2308.0,,,,,,,,,Fixation,,,164.0,11.0,True,19,,,
2312.0,,,,,,,,,Fixation,,,164.0,11.0,True,19,,,
2316.0,,,,,,,,,Fixation,,,164.0,11.0,True,19,,,
2320.0,,,,,,,,,Fixation,,,164.0,11.0,True,19,,,
2324.0,,,,,,,,,Fixation,,,164.0,11.0,True,19,,,
2328.0,,,,,,,,,Fixation,,,164.0,11.0,True,19,,,
2332.0,,,,,,,,,Fixation,,,164.0,11.0,True,19,,,
2336.0,,,,,,,,,Fixation,,,164.0,11.0,True,19,,,
2340.0,,,,,,,,,Fixation,,,164.0,11.0,True,19,,,
2344.0,912.5976562499999,1493.262233734131,0.3564834594726562,1.0369876623153689,,,1.9943695068359373,,Saccade,,,,0.0,False,20,,,
2348.0,733.3879852294922,1232.1099185943604,0.330184668302536,1.0076102018356323,0.2864796817302704,0.8556318879127502,2.1789703369140625,2.409820556640625,Saccade,,,,0.0,False,20,,,
2352.0,846.9779968261719,1090.2858638763428,0.3909687399864197,0.9289900660514832,0.3308507800102234,0.757142961025238,2.406585693359375,2.6809539794921875,Saccade,,,,0.0,False,20,,,
2356.0,912.8268432617188,1043.800048828125,0.3681664764881134,0.8707917332649231,0.3565729856491089,0.7248611450195312,2.666000366210937,2.8466339111328125,Saccade,,,,0.0,False,20,,,
2360.0,952.14599609375,1028.2208347320557,0.3826980888843536,0.8327797055244446,0.3719320297241211,0.7140422463417053,2.768173217773437,2.8781280517578125,Saccade,,,,0.0,False,20,,,
2364.0,984.5705413818358,953.6179161071777,0.3752382099628448,0.7872916460037231,0.3845978677272796,0.6622346639633179,2.842315673828125,2.958358764648437,Saccade,,,,0.0,False,20,,,
2368.0,954.2071533203124,1010.9121322631836,0.3780248165130615,0.7819619178771973,0.372737169265747,0.7020223140716553,2.8674774169921875,2.8704986572265625,Saccade,,,,0.0,False,20,,,
2372.0,941.5563201904297,982.4896430969238,0.3813679218292236,0.7594121098518372,0.3677954375743866,0.6822844743728638,2.88238525390625,2.8753662109375,Saccade,,,,0.0,False,20,,,
2376.0,964.3288421630858,996.0947513580322,0.3835309445858001,0.7582067251205444,0.3766909539699554,0.6917324662208557,2.90960693359375,2.8933563232421875,Saccade,,,,0.0,False,20,,,
2380.0,953.8449859619141,1033.04048538208,0.3854804039001465,0.7503085732460022,0.3725956976413727,0.7173892259597778,2.920196533203125,2.833282470703125,Saccade,,,,0.0,False,20,,,
2384.0,962.1926879882811,1057.2504901885986,0.3824941515922546,0.7481489777565002,0.3758565187454223,0.7342017292976379,2.9050445556640625,2.833465576171875,Fixation,955.6695393153599,1055.1135880606514,52.0,12.0,True,21,image,,11.0
2388.0,960.9906005859374,1058.822135925293,0.384612113237381,0.7643369436264038,0.3753869533538818,0.7352931499481201,2.906723022460937,2.8126983642578125,Fixation,955.6695393153599,1055.1135880606514,52.0,12.0,True,21,image,,11.0
2392.0,959.5752716064453,1078.4590816497803,0.3828430473804474,0.7693790197372437,0.3748340904712677,0.7489299178123474,2.8822479248046875,2.771820068359375,Fixation,955.6695393153599,1055.1135880606514,52.0,12.0,True,21,image,,11.0
2396.0,953.8355255126953,1085.6477451324463,0.3850203156471252,0.7701411843299866,0.3725920021533966,0.7539220452308655,2.891357421875,2.7838287353515625,Fixation,955.6695393153599,1055.1135880606514,52.0,12.0,True,21,image,,11.0
2400.0,959.9006652832031,1088.4477138519287,0.3779941499233246,0.7661312818527222,0.3749611973762512,0.7558664679527283,2.871612548828125,2.7914276123046875,Fixation,955.6695393153599,1055.1135880606514,52.0,12.0,True,21,image,,11.0
2404.0,956.014175415039,1072.9289245605469,0.3788254261016845,0.7686458826065063,0.3734430372714996,0.7450895309448242,2.8629302978515625,2.7718658447265625,Fixation,955.6695393153599,1055.1135880606514,52.0,12.0,True,21,image,,11.0
2408.0,955.6564331054686,1083.5167407989502,0.3778322637081146,0.7650567889213562,0.3733032941818237,0.7524421811103821,2.864105224609375,2.78619384765625,Fixation,955.6695393153599,1055.1135880606514,52.0,12.0,True,21,image,,11.0
2412.0,954.8052215576172,1081.2145900726318,0.3786180913448334,0.7675517797470093,0.3729707896709442,0.7508434653282166,2.8658599853515625,2.784637451171875,Fixation,955.6695393153599,1055.1135880606514,52.0,12.0,True,21,image,,11.0
2416.0,951.7736053466796,1063.3305644989014,0.3807758688926697,0.7782058119773865,0.3717865645885467,0.7384240031242371,2.859283447265625,2.7923126220703125,Fixation,955.6695393153599,1055.1135880606514,52.0,12.0,True,21,image,,11.0
2420.0,960.5267333984374,1062.4337196350098,0.3809014558792114,0.7709156274795532,0.3752057552337646,0.737801194190979,2.86749267578125,2.7941436767578125,Fixation,955.6695393153599,1055.1135880606514,52.0,12.0,True,21,image,,11.0
2424.0,952.1961975097656,1037.7258968353271,0.377422422170639,0.7678104639053345,0.3719516396522522,0.7206429839134216,2.899078369140625,2.8342742919921875,Fixation,955.6695393153599,1055.1135880606514,52.0,12.0,True,21,image,,11.0
2428.0,948.7541961669922,999.1473197937012,0.3788401782512665,0.7494679093360901,0.3706071078777313,0.6938523054122925,2.879745483398437,2.87261962890625,Fixation,955.6695393153599,1055.1135880606514,52.0,12.0,True,21,image,,11.0
2432.0,953.0850982666014,987.797155380249,0.3793894052505493,0.7591773271560669,0.3722988665103912,0.6859702467918396,2.8897247314453125,2.876205444335937,Fixation,955.6695393153599,1055.1135880606514,52.0,12.0,True,21,image,,11.0
2436.0,950.0671386718749,1014.8681545257568,0.3842704594135284,0.7907363772392273,0.3711199760437011,0.7047695517539978,2.8260650634765625,2.8601837158203125,Fixation,955.6695393153599,1055.1135880606514,52.0,12.0,True,21,image,,11.0
2440.0,895.4456329345702,1014.5973587036133,0.3760627210140228,0.8758267164230347,0.3497834503650665,0.7045814990997314,2.63238525390625,2.831161499023437,Saccade,,,,0.0,False,22,,,
2444.0,754.6231079101562,1303.7736511230469,0.2845610678195953,1.0011541843414309,0.2947746515274048,0.9053983688354492,2.0980682373046875,2.302963256835937,Saccade,,,,0.0,False,22,,,
2448.0,1068.8472747802734,1717.877368927002,0.4175184667110443,1.1929703950881958,,,1.5093536376953125,,Fixation,,,84.0,13.0,True,23,,,
2452.0,,,,,,,,,Fixation,,,84.0,13.0,True,23,,,
2456.0,,,,,,,,,Fixation,,,84.0,13.0,True,23,,,
2460.0,,,,,,,,,Fixation,,,84.0,13.0,True,23,,,
2464.0,,,,,,,,,Fixation,,,84.0,13.0,True,23,,,
2468.0,,,,,,,,,Fixation,,,84.0,13.0,True,23,,,
2472.0,,,,,,,,,Fixation,,,84.0,13.0,True,23,,,
2476.0,,,,,,,,,Fixation,,,84.0,13.0,True,23,,,
2480.0,,,,,,,,,Fixation,,,84.0,13.0,True,23,,,
2484.0,,,,,,,,,Fixation,,,84.0,13.0,True,23,,,
2488.0,,,,,,,,,Fixation,,,84.0,13.0,True,23,,,
2492.0,,,,,,,,,Fixation,,,84.0,13.0,True,23,,,
2496.0,,,,,,,,,Fixation,,,84.0,13.0,True,23,,,
2500.0,,,,,,,,,Fixation,,,84.0,13.0,True,23,,,
2504.0,,,,,,,,,Fixation,,,84.0,13.0,True,23,,,
2508.0,,,,,,,,,Fixation,,,84.0,13.0,True,23,,,
2512.0,,,,,,,,,Fixation,,,84.0,13.0,True,23,,,
2516.0,,,,,,,,,Fixation,,,84.0,13.0,True,23,,,
2520.0,,,,,,,,,Fixation,,,84.0,13.0,True,23,,,
2524.0,,,,,,,,,Fixation,,,84.0,13.0,True,23,,,
2528.0,,,,,,,,,Fixation,,,84.0,13.0,True,23,,,
2532.0,,,,,,,,,Fixation,,,84.0,13.0,True,23,,,
2536.0,521.635398864746,1724.970932006836,0.2037638276815414,1.1978964805603027,,,1.4771728515625,,Saccade,,,,0.0,False,24,,,
2540.0,894.7867584228516,1625.1501846313474,0.3495260775089264,1.1285765171051023,,,1.7455902099609375,,Saccade,,,,0.0,False,24,,,
2544.0,1695.6321716308594,1296.0750675201416,,,0.6623563170433044,0.9000521302223206,,2.188873291015625,Saccade,,,,0.0,False,24,,,
2548.0,903.3757019042968,1433.889284133911,0.3528811335563659,0.995756447315216,,,2.254745483398437,,Saccade,,,,0.0,False,24,,,
2552.0,773.4597778320312,1144.8884296417236,0.3139095306396484,0.9201813340187072,0.3021327257156372,0.7950614094734192,2.577987670898437,2.6775360107421875,Saccade,,,,0.0,False,24,,,
2556.0,798.7391662597655,983.9560604095459,0.3238047659397125,0.8688127398490906,0.3120074868202209,0.6833028197288513,2.72406005859375,2.947372436523437,Saccade,,,,0.0,False,24,,,
2560.0,788.4905242919921,1083.6234283447266,0.3269245624542236,0.8263446092605591,0.3080041110515594,0.7525162696838379,2.8094635009765625,2.783538818359375,Saccade,,,,0.0,False,24,,,
2564.0,825.3263092041016,1034.9625778198242,0.3316132724285126,0.7947734594345093,0.3223930895328522,0.7187240123748779,2.8831939697265625,2.876434326171875,Fixation,825.0942060682509,1073.3264684677124,68.0,14.0,True,25,word,little,1.0
2568.0,816.1847686767578,1023.782787322998,0.3275975286960602,0.7720739245414734,0.3188221752643585,0.7109602689743042,2.9234619140625,2.88665771484375,Fixation,825.0942060682509,1073.3264684677124,68.0,14.0,True,25,word,little,1.0
2572.0,823.5329437255859,1016.5266609191895,0.3301984071731567,0.7656847834587097,0.321692556142807,0.7059212923049927,2.94354248046875,2.91241455078125,Fixation,825.0942060682509,1073.3264684677124,68.0,14.0,True,25,word,little,1.0
2576.0,836.5324401855468,1017.2797393798828,0.3292423486709595,0.7627559900283813,0.3267704844474792,0.706444263458252,2.951995849609375,2.9121246337890625,Fixation,825.0942060682509,1073.3264684677124,68.0,14.0,True,25,word,little,1.0
2580.0,833.1091308593749,1057.5163078308105,0.3325494229793548,0.7814195156097412,0.3254332542419433,0.7343863248825073,2.9069366455078125,2.868759155273437,Fixation,825.0942060682509,1073.3264684677124,68.0,14.0,True,25,word,little,1.0
2584.0,831.3883209228516,1083.4158039093018,0.3289309442043304,0.793857216835022,0.3247610628604889,0.7523720860481262,2.908050537109375,2.8440704345703125,Fixation,825.0942060682509,1073.3264684677124,68.0,14.0,True,25,word,little,1.0
2588.0,818.1259155273436,1101.8966960906982,0.3272081017494201,0.7898210883140564,0.3195804357528686,0.7652060389518738,2.9083251953125,2.823486328125,Fixation,825.0942060682509,1073.3264684677124,68.0,14.0,True,25,word,little,1.0
2592.0,817.2360229492188,1097.3081016540527,0.3294077217578888,0.7868101596832275,0.3192328214645386,0.7620195150375366,2.9210357666015625,2.82647705078125,Fixation,825.0942060682509,1073.3264684677124,68.0,14.0,True,25,word,little,1.0
2596.0,824.8224639892577,1088.7495803833008,0.327773779630661,0.7821663022041321,0.3221962749958038,0.7560760974884033,2.9194793701171875,2.844879150390625,Fixation,825.0942060682509,1073.3264684677124,68.0,14.0,True,25,word,little,1.0
2600.0,827.0864868164062,1103.6739921569824,0.3280529677867889,0.7846290469169617,0.3230806589126587,0.7664402723312378,2.948455810546875,2.827056884765625,Fixation,825.0942060682509,1073.3264684677124,68.0,14.0,True,25,word,little,1.0
2604.0,829.9945831298828,1102.2486877441406,0.3305120766162872,0.7809910178184509,0.3242166340351105,0.7654504776000977,2.94891357421875,2.852935791015625,Fixation,825.0942060682509,1073.3264684677124,68.0,14.0,True,25,word,little,1.0
2608.0,825.0556945800781,1101.1537456512451,0.3306989073753357,0.7860414981842041,0.322287380695343,0.764690101146698,2.9483184814453125,2.8592529296875,Fixation,825.0942060682509,1073.3264684677124,68.0,14.0,True,25,word,little,1.0
2612.0,823.4622955322266,1084.6393203735352,0.3266186118125915,0.7787587642669678,0.321664959192276,0.7532217502593994,2.9525146484375,2.84918212890625,Fixation,825.0942060682509,1073.3264684677124,68.0,14.0,True,25,word,little,1.0
2616.0,823.4349822998047,1083.8642692565918,0.3302134871482849,0.7855095267295837,0.3216542899608612,0.7526835203170776,2.971176147460937,2.866119384765625,Fixation,825.0942060682509,1073.3264684677124,68.0,14.0,True,25,word,little,1.0
2620.0,823.6591339111327,1086.586561203003,0.3284341096878052,0.7745491862297058,0.3217418491840362,0.7545740008354187,2.9752349853515625,2.8698272705078125,Fixation,825.0942060682509,1073.3264684677124,68.0,14.0,True,25,word,little,1.0
2624.0,828.1140136718749,1074.7056198120117,0.3298188149929046,0.7735127806663513,0.3234820365905761,0.7463233470916748,2.985595703125,2.8784637451171875,Fixation,825.0942060682509,1073.3264684677124,68.0,14.0,True,25,word,little,1.0
2628.0,808.2736206054686,1083.6193943023682,0.3276649415493011,0.7769058346748352,0.3157318830490112,0.7525134682655334,2.9855499267578125,2.8851318359375,Fixation,825.0942060682509,1073.3264684677124,68.0,14.0,True,25,word,little,1.0
2632.0,836.3565826416016,1077.9465866088867,0.3346624374389648,0.7734959125518799,0.3267017900943756,0.7485740184783936,3.0106353759765625,2.8780975341796875,Fixation,825.0942060682509,1073.3264684677124,68.0,14.0,True,25,word,little,1.0
2636.0,912.8718566894531,1086.0054874420166,0.3472308218479156,0.775709867477417,0.3565905690193176,0.7541704773902893,3.0098419189453125,2.9154205322265625,Saccade,,,,0.0,False,26,,,
2640.0,1019.3216705322266,1082.6676177978516,0.3870067000389099,0.7639885544776917,0.398172527551651,0.7518525123596191,3.006103515625,2.912078857421875,Saccade,,,,0.0,False,26,,,
2644.0,1106.6205596923826,1079.2470932006836,0.4056640863418579,0.7584870457649231,0.432273656129837,0.7494771480560303,3.005340576171875,2.91461181640625,Fixation,1111.9028738270636,1053.9366643325143,88.0,15.0,True,27,image,,11.0
2648.0,1144.1417694091797,1070.0770282745361,0.4300588965415954,0.7658305168151855,0.4469303786754608,0.7431090474128723,3.0300750732421875,2.91705322265625,Fixation,1111.9028738270636,1053.9366643325143,88.0,15.0,True,27,image,,11.0
2652.0,1120.0316619873047,1057.9021167755127,0.4388816952705383,0.7563921809196472,0.4375123679637909,0.7346542477607727,3.0363922119140625,2.924163818359375,Fixation,1111.9028738270636,1053.9366643325143,88.0,15.0,True,27,image,,11.0
2656.0,1105.205307006836,1054.4851970672607,0.4328023493289947,0.7596089839935303,0.4317208230495453,0.7322813868522644,3.043182373046875,2.9269256591796875,Fixation,1111.9028738270636,1053.9366643325143,88.0,15.0,True,27,image,,11.0
2660.0,1099.0683746337888,1062.6748180389404,0.4254107773303985,0.7598581910133362,0.4293235838413238,0.7379686236381531,3.046737670898437,2.956024169921875,Fixation,1111.9028738270636,1053.9366643325143,88.0,15.0,True,27,image,,11.0
2664.0,1094.7889709472654,1041.8138408660889,0.4257863759994507,0.7559131979942322,0.4276519417762756,0.7234818339347839,3.0548858642578125,2.928375244140625,Fixation,1111.9028738270636,1053.9366643325143,88.0,15.0,True,27,image,,11.0
2668.0,1099.294738769531,1048.1678867340088,0.4314392507076263,0.7567816972732544,0.4294120073318481,0.7278943657875061,3.0469970703125,2.9309539794921875,Fixation,1111.9028738270636,1053.9366643325143,88.0,15.0,True,27,image,,11.0
2672.0,1112.9264831542969,1046.5934944152832,0.4358604252338409,0.7574499249458313,0.4347369074821472,0.7268010377883911,3.0558624267578125,2.9368896484375,Fixation,1111.9028738270636,1053.9366643325143,88.0,15.0,True,27,image,,11.0
2676.0,1123.3608245849607,1053.05251121521,0.4363347887992859,0.7598966956138611,0.4388128221035003,0.7312864661216736,3.0439605712890625,2.9506378173828125,Fixation,1111.9028738270636,1053.9366643325143,88.0,15.0,True,27,image,,11.0
2680.0,1117.0193481445312,1045.6086730957031,0.4365382492542267,0.7645929455757141,0.4363356828689575,0.7261171340942383,3.0474853515625,2.9564208984375,Fixation,1111.9028738270636,1053.9366643325143,88.0,15.0,True,27,image,,11.0
2684.0,1107.3641204833984,1049.1494464874268,0.4347342252731323,0.7622182369232178,0.4325641095638275,0.7285760045051575,3.0623016357421875,2.9613189697265625,Fixation,1111.9028738270636,1053.9366643325143,88.0,15.0,True,27,image,,11.0
2688.0,1101.754913330078,1043.4734630584717,0.4332491457462311,0.7548754811286926,0.4303730130195617,0.7246343493461609,3.0535888671875,2.95147705078125,Fixation,1111.9028738270636,1053.9366643325143,88.0,15.0,True,27,image,,11.0
2692.0,1103.677062988281,1040.8454990386963,0.4370300471782684,0.7600404024124146,0.4311238527297973,0.722809374332428,3.0817413330078125,2.945648193359375,Fixation,1111.9028738270636,1053.9366643325143,88.0,15.0,True,27,image,,11.0
2696.0,1117.9171752929688,1052.673740386963,0.442097008228302,0.7649698853492737,0.4366863965988159,0.7310234308242798,3.0782470703125,2.9575958251953125,Fixation,1111.9028738270636,1053.9366643325143,88.0,15.0,True,27,image,,11.0
2700.0,1115.4154205322266,1047.6057815551758,0.4402865171432495,0.7611013054847717,0.435709148645401,0.7275040149688721,3.069549560546875,2.9658966064453125,Fixation,1111.9028738270636,1053.9366643325143,88.0,15.0,True,27,image,,11.0
2704.0,1113.5675048828123,1040.5888652801514,0.4410153925418854,0.7652904391288757,0.4349873065948486,0.7226311564445496,3.0641021728515625,2.94537353515625,Fixation,1111.9028738270636,1053.9366643325143,88.0,15.0,True,27,image,,11.0
2708.0,1111.3543701171873,1049.5616054534912,0.4379806220531463,0.7631732225418091,0.4341228008270263,0.7288622260093689,3.078109741210937,2.9552154541015625,Fixation,1111.9028738270636,1053.9366643325143,88.0,15.0,True,27,image,,11.0
2712.0,1110.4001617431638,1052.9968070983887,0.4352503716945648,0.764778733253479,0.4337500631809234,0.7312477827072144,3.06268310546875,2.953460693359375,Fixation,1111.9028738270636,1053.9366643325143,88.0,15.0,True,27,image,,11.0
2716.0,1109.9637603759763,1056.992654800415,0.4351117014884949,0.7681291699409485,0.4335795938968658,0.7340226769447327,3.0558319091796875,2.925445556640625,Fixation,1111.9028738270636,1053.9366643325143,88.0,15.0,True,27,image,,11.0
2720.0,1107.9428863525388,1056.9190120697021,0.4380314946174621,0.7681542634963989,0.4327901899814605,0.7339715361595154,3.0498504638671875,2.9196014404296875,Fixation,1111.9028738270636,1053.9366643325143,88.0,15.0,True,27,image,,11.0
2724.0,1121.002960205078,1060.684576034546,0.4366148114204407,0.7650614380836487,0.4378917813301086,0.7365865111351013,3.03106689453125,2.9166259765625,Fixation,1111.9028738270636,1053.9366643325143,88.0,15.0,True,27,image,,11.0
2728.0,1113.9875793457031,1077.3927211761475,0.4422478079795837,0.7724955081939697,0.4351513981819153,0.748189389705658,3.0340118408203125,2.9043731689453125,Fixation,1111.9028738270636,1053.9366643325143,88.0,15.0,True,27,image,,11.0
2732.0,1116.9601440429685,1052.0364475250244,0.4423265159130096,0.7772958278656006,0.4363125562667846,0.7305808663368225,3.0359649658203125,2.9281768798828125,Fixation,1111.9028738270636,1053.9366643325143,88.0,15.0,True,27,image,,11.0
2736.0,1083.801803588867,1105.7510089874268,0.4511630535125732,0.7815893888473511,0.4233600795269012,0.7678826451301575,3.03167724609375,2.8674774169921875,Saccade,,,,0.0,False,28,,,
2740.0,902.4845123291016,1238.7775039672852,0.4491046667098999,0.9297339916229248,0.3525330126285553,0.8602621555328369,2.737396240234375,2.54754638671875,Saccade,,,,0.0,False,28,,,
2744.0,1177.8504943847656,1646.067638397217,0.4600978493690491,1.143102526664734,,,1.8219146728515625,,Fixation,,,140.0,16.0,True,29,,,
2748.0,,,,,,,,,Fixation,,,140.0,16.0,True,29,,,
2752.0,,,,,,,,,Fixation,,,140.0,16.0,True,29,,,
2756.0,,,,,,,,,Fixation,,,140.0,16.0,True,29,,,
2760.0,,,,,,,,,Fixation,,,140.0,16.0,True,29,,,
2764.0,,,,,,,,,Fixation,,,140.0,16.0,True,29,,,
2768.0,,,,,,,,,Fixation,,,140.0,16.0,True,29,,,
2772.0,,,,,,,,,Fixation,,,140.0,16.0,True,29,,,
2776.0,,,,,,,,,Fixation,,,140.0,16.0,True,29,,,
2780.0,,,,,,,,,Fixation,,,140.0,16.0,True,29,,,
2784.0,,,,,,,,,Fixation,,,140.0,16.0,True,29,,,
2788.0,,,,,,,,,Fixation,,,140.0,16.0,True,29,,,
2792.0,,,,,,,,,Fixation,,,140.0,16.0,True,29,,,
2796.0,,,,,,,,,Fixation,,,140.0,16.0,True,29,,,
2800.0,,,,,,,,,Fixation,,,140.0,16.0,True,29,,,
2804.0,,,,,,,,,Fixation,,,140.0,16.0,True,29,,,
2808.0,,,,,,,,,Fixation,,,140.0,16.0,True,29,,,
2812.0,,,,,,,,,Fixation,,,140.0,16.0,True,29,,,
2816.0,,,,,,,,,Fixation,,,140.0,16.0,True,29,,,
2820.0,,,,,,,,,Fixation,,,140.0,16.0,True,29,,,
2824.0,,,,,,,,,Fixation,,,140.0,16.0,True,29,,,
2828.0,,,,,,,,,Fixation,,,140.0,16.0,True,29,,,
2832.0,,,,,,,,,Fixation,,,140.0,16.0,True,29,,,
2836.0,,,,,,,,,Fixation,,,140.0,16.0,True,29,,,
2840.0,,,,,,,,,Fixation,,,140.0,16.0,True,29,,,
2844.0,,,,,,,,,Fixation,,,140.0,16.0,True,29,,,
2848.0,,,,,,,,,Fixation,,,140.0,16.0,True,29,,,
2852.0,,,,,,,,,Fixation,,,140.0,16.0,True,29,,,
2856.0,,,,,,,,,Fixation,,,140.0,16.0,True,29,,,
2860.0,,,,,,,,,Fixation,,,140.0,16.0,True,29,,,
2864.0,,,,,,,,,Fixation,,,140.0,16.0,True,29,,,
2868.0,,,,,,,,,Fixation,,,140.0,16.0,True,29,,,
2872.0,,,,,,,,,Fixation,,,140.0,16.0,True,29,,,
2876.0,,,,,,,,,Fixation,,,140.0,16.0,True,29,,,
2880.0,,,,,,,,,Fixation,,,140.0,16.0,True,29,,,
2884.0,,,,,,,,,Fixation,,,140.0,16.0,True,29,,,
2888.0,1269.0967559814453,1352.5257396697998,0.4957409203052521,0.9392539858818054,,,2.6620025634765625,,Saccade,,,,0.0,False,30,,,
2892.0,1257.6324462890623,1290.073356628418,0.491262674331665,0.8958842754364014,,,2.790435791015625,,Saccade,,,,0.0,False,30,,,
2896.0,1180.3614044189453,1127.2265338897705,0.4935607314109802,0.8527931571006775,0.4610786736011505,0.7827962040901184,2.8709259033203125,2.80438232421875,Saccade,,,,0.0,False,30,,,
2900.0,1243.238525390625,1034.496431350708,0.4916651546955108,0.811891496181488,0.4856400489807129,0.7184002995491028,2.95184326171875,2.9736785888671875,Saccade,,,,0.0,False,30,,,
2904.0,1249.7467803955076,1024.846658706665,0.4897361695766449,0.7827746868133545,0.4881823360919952,0.7116990685462952,3.0017547607421875,2.9919586181640625,Saccade,,,,0.0,False,30,,,
2908.0,1242.753982543945,991.2569046020508,0.4885010421276092,0.7604077458381653,0.4854507744312286,0.6883728504180908,3.0386962890625,3.030029296875,Saccade,,,,0.0,False,30,,,
2912.0,1255.712890625,1030.5149173736572,0.4912622570991516,0.7757788300514221,0.4905128479003906,0.715635359287262,3.020370483398437,2.9663848876953125,Saccade,,,,0.0,False,30,,,
2916.0,1255.9101867675781,1088.3985328674316,0.4922040700912475,0.7882784008979797,0.4905899167060852,0.755832314491272,2.9898223876953125,2.88885498046875,Saccade,,,,0.0,False,30,,,
2920.0,1245.5504608154297,1103.7554454803467,0.4907281994819641,0.7806618809700012,0.4865431487560272,0.7664968371391296,2.98858642578125,2.897735595703125,Fixation,1255.1372639338176,1061.6648197174072,188.0,17.0,True,31,word,baseball,5.0
2924.0,1251.9145202636719,1114.5868492126465,0.4905430972576141,0.783953070640564,0.4890291094779968,0.7740186452865601,2.99542236328125,2.892822265625,Fixation,1255.1372639338176,1061.6648197174072,188.0,17.0,True,31,word,baseball,5.0
2928.0,1250.5779266357422,1111.3288879394531,0.4897921085357666,0.7827227115631104,0.4885070025920868,0.7717561721801758,3.00384521484375,2.886947631835937,Fixation,1255.1372639338176,1061.6648197174072,188.0,17.0,True,31,word,baseball,5.0
2932.0,1241.788635253906,1112.3123359680176,0.4926668107509613,0.777367889881134,0.4850736856460571,0.7724391222000122,2.9969482421875,2.904159545898437,Fixation,1255.1372639338176,1061.6648197174072,188.0,17.0,True,31,word,baseball,5.0
2936.0,1239.8844146728513,1103.9403247833252,0.488237053155899,0.7775440812110901,0.4843298494815826,0.7666252255439758,2.99725341796875,2.9000701904296875,Fixation,1255.1372639338176,1061.6648197174072,188.0,17.0,True,31,word,baseball,5.0
2940.0,1248.7564849853513,1103.3339309692383,0.4878522455692291,0.7746098637580872,0.4877955019474029,0.7662041187286377,3.0016326904296875,2.8863525390625,Fixation,1255.1372639338176,1061.6648197174072,188.0,17.0,True,31,word,baseball,5.0
2944.0,1245.5594635009763,1095.6024742126465,0.4918789863586426,0.7715322971343994,0.4865466654300689,0.7608350515365601,3.0091705322265625,2.8868865966796875,Fixation,1255.1372639338176,1061.6648197174072,188.0,17.0,True,31,word,baseball,5.0
2948.0,1244.944610595703,1103.5368347167969,0.4886721670627594,0.7698268890380859,0.4863064885139465,0.7663450241088867,3.004501342773437,2.8945465087890625,Fixation,1255.1372639338176,1061.6648197174072,188.0,17.0,True,31,word,baseball,5.0
2952.0,1246.4940643310545,1092.7763271331787,0.4910396933555603,0.7732158899307251,0.4869117438793182,0.7588724493980408,3.012298583984375,2.907958984375,Fixation,1255.1372639338176,1061.6648197174072,188.0,17.0,True,31,word,baseball,5.0
2956.0,1251.37451171875,1086.12135887146,0.4911096692085266,0.7702103853225708,0.4888181686401367,0.7542509436607361,3.022445678710937,2.915069580078125,Fixation,1255.1372639338176,1061.6648197174072,188.0,17.0,True,31,word,baseball,5.0
2960.0,1247.6947021484375,1071.7943286895752,0.4880238175392151,0.7648146748542786,0.4873807430267334,0.7443016171455383,3.025375366210937,2.91192626953125,Fixation,1255.1372639338176,1061.6648197174072,188.0,17.0,True,31,word,baseball,5.0
2964.0,1245.4193878173826,1077.317361831665,0.4902112185955047,0.7615649700164795,0.4864919483661651,0.7481370568275452,3.019134521484375,2.93414306640625,Fixation,1255.1372639338176,1061.6648197174072,188.0,17.0,True,31,word,baseball,5.0
2968.0,1247.202377319336,1066.1706161499023,0.4910012185573578,0.7590937614440918,0.4871884286403656,0.74039626121521,3.021102905273437,2.925567626953125,Fixation,1255.1372639338176,1061.6648197174072,188.0,17.0,True,31,word,baseball,5.0
2972.0,1257.6594543457031,1059.8065280914307,0.4926544427871704,0.7621205449104309,0.4912732243537903,0.7359767556190491,3.005462646484375,2.92974853515625,Fixation,1255.1372639338176,1061.6648197174072,188.0,17.0,True,31,word,baseball,5.0
2976.0,1261.8803405761716,1059.3681907653809,0.4889785647392273,0.7572827339172363,0.4929220080375671,0.7356723546981812,3.009262084960937,2.93267822265625,Fixation,1255.1372639338176,1061.6648197174072,188.0,17.0,True,31,word,baseball,5.0
2980.0,1248.4130096435545,1051.9157695770264,0.490839809179306,0.7575308084487915,0.4876613318920135,0.7304970622062683,3.0105438232421875,2.9364166259765625,Fixation,1255.1372639338176,1061.6648197174072,188.0,17.0,True,31,word,baseball,5.0
2984.0,1246.9256591796873,1049.8783206939697,0.4896420240402221,0.7591607570648193,0.4870803356170654,0.7290821671485901,3.012359619140625,2.9412841796875,Fixation,1255.1372639338176,1061.6648197174072,188.0,17.0,True,31,word,baseball,5.0
2988.0,1260.8592987060547,1052.721290588379,0.4913457334041595,0.7605032324790955,0.4925231635570526,0.7310564517974854,3.011505126953125,2.94061279296875,Fixation,1255.1372639338176,1061.6648197174072,188.0,17.0,True,31,word,baseball,5.0
2992.0,1257.2491455078123,1056.3533020019531,0.4931932985782623,0.7573947906494141,0.4911129474639892,0.7335786819458008,3.013092041015625,2.94293212890625,Fixation,1255.1372639338176,1061.6648197174072,188.0,17.0,True,31,word,baseball,5.0
2996.0,1250.4191589355469,1041.3652038574219,0.4919230937957763,0.7606754302978516,0.488444983959198,0.723170280456543,3.0232086181640625,2.9376373291015625,Fixation,1255.1372639338176,1061.6648197174072,188.0,17.0,True,31,word,baseball,5.0
3000.0,1252.7769470214841,1044.610891342163,0.4908075332641601,0.7603473663330078,0.4893659949302673,0.7254242300987244,3.0106964111328125,2.9285430908203125,Fixation,1255.1372639338176,1061.6648197174072,188.0,17.0,True,31,word,baseball,5.0
3004.0,1251.944351196289,1048.5399627685547,0.4930347204208374,0.7550326585769653,0.4890407621860504,0.7281527519226074,3.0170440673828125,2.92156982421875,Fixation,1255.1372639338176,1061.6648197174072,188.0,17.0,True,31,word,baseball,5.0
3008.0,1257.568359375,1045.8935451507568,0.4927601218223572,0.7616797089576721,0.4912376403808594,0.7263149619102478,3.0039825439453125,2.928314208984375,Fixation,1255.1372639338176,1061.6648197174072,188.0,17.0,True,31,word,baseball,5.0
3012.0,1267.4291229248045,1042.5932693481445,0.493386298418045,0.7588564157485962,0.4950895011425018,0.7240231037139893,3.006988525390625,2.92352294921875,Fixation,1255.1372639338176,1061.6648197174072,188.0,17.0,True,31,word,baseball,5.0
3016.0,1256.7341613769531,1045.323371887207,0.4929027259349823,0.7605145573616028,0.4909117817878723,0.7259190082550049,3.000839233398437,2.9459991455078125,Fixation,1255.1372639338176,1061.6648197174072,188.0,17.0,True,31,word,baseball,5.0
3020.0,1259.9932098388672,1036.8821811676025,0.4937192797660827,0.7610680460929871,0.4921848475933075,0.7200570702552795,3.0151824951171875,2.928207397460937,Fixation,1255.1372639338176,1061.6648197174072,188.0,17.0,True,31,word,baseball,5.0
3024.0,1270.536880493164,1044.5759582519531,0.4928745925426483,0.7601903080940247,0.4963034689426422,0.7253999710083008,3.0051422119140625,2.9405059814453125,Fixation,1255.1372639338176,1061.6648197174072,188.0,17.0,True,31,word,baseball,5.0
3028.0,1257.0404815673828,1057.8882122039795,0.4982959628105163,0.7610353827476501,0.4910314381122589,0.7346445918083191,3.013885498046875,2.95654296875,Fixation,1255.1372639338176,1061.6648197174072,188.0,17.0,True,31,word,baseball,5.0
3032.0,1249.5989227294922,1039.6963119506836,0.4960306882858276,0.7567393183708191,0.4881245791912079,0.7220113277435303,3.008087158203125,2.9522247314453125,Fixation,1255.1372639338176,1061.6648197174072,188.0,17.0,True,31,word,baseball,5.0
3036.0,1264.293212890625,1048.338861465454,,,0.4938645362854004,0.7280130982398987,,2.942718505859375,Fixation,1255.1372639338176,1061.6648197174072,188.0,17.0,True,31,word,baseball,5.0
3040.0,1258.8234710693357,1042.9765033721924,0.4943366646766662,0.7639013528823853,0.4917279183864593,0.7242892384529114,3.010726928710937,2.944442749023437,Fixation,1255.1372639338176,1061.6648197174072,188.0,17.0,True,31,word,baseball,5.0
3044.0,1254.2794799804688,1044.7314834594727,0.4928187131881714,0.7595831155776978,0.4899529218673706,0.7255079746246338,3.0054473876953125,2.957855224609375,Fixation,1255.1372639338176,1061.6648197174072,188.0,17.0,True,31,word,baseball,5.0
3048.0,1265.170669555664,1045.8609294891357,0.4931102991104126,0.7569886445999146,0.4942072927951813,0.7262923121452332,3.026763916015625,2.9520721435546875,Fixation,1255.1372639338176,1061.6648197174072,188.0,17.0,True,31,word,baseball,5.0
3052.0,1252.2975158691404,1051.49245262146,0.4958301782608032,0.7649179100990295,0.489178717136383,0.7302030920982361,3.027740478515625,2.9557037353515625,Fixation,1255.1372639338176,1061.6648197174072,188.0,17.0,True,31,word,baseball,5.0
3056.0,1264.397201538086,1042.9334163665771,0.489565372467041,0.7594193816184998,0.4939051568508148,0.7242593169212341,3.008392333984375,2.954086303710937,Fixation,1255.1372639338176,1061.6648197174072,188.0,17.0,True,31,word,baseball,5.0
3060.0,1263.464126586914,1045.5349445343018,0.4975556135177612,0.7615765929222107,0.4935406744480133,0.7260659337043762,3.03094482421875,2.9394989013671875,Fixation,1255.1372639338176,1061.6648197174072,188.0,17.0,True,31,word,baseball,5.0
3064.0,1254.6099853515625,1049.0770053863525,0.4952706098556518,0.7658608555793762,0.4900820255279541,0.728525698184967,3.038681030273437,2.9542694091796875,Fixation,1255.1372639338176,1061.6648197174072,188.0,17.0,True,31,word,baseball,5.0
3068.0,1259.8829650878906,1048.0585384368896,0.4929473102092743,0.7608874440193176,0.4921417832374573,0.7278184294700623,3.023712158203125,2.9608917236328125,Fixation,1255.1372639338176,1061.6648197174072,188.0,17.0,True,31,word,baseball,5.0
3072.0,1262.9132080078123,1045.967960357666,0.492165058851242,0.7594211101531982,0.4933254718780517,0.7263666391372681,3.017913818359375,2.96539306640625,Fixation,1255.1372639338176,1061.6648197174072,188.0,17.0,True,31,word,baseball,5.0
3076.0,1252.6175689697263,1045.8590412139893,0.4973494708538055,0.762479305267334,0.4893037378787994,0.7262910008430481,3.030029296875,2.94134521484375,Fixation,1255.1372639338176,1061.6648197174072,188.0,17.0,True,31,word,baseball,5.0
3080.0,1254.0970611572266,1048.769302368164,0.4926273822784424,0.7675964832305908,0.4898816645145416,0.7283120155334473,3.031036376953125,2.962387084960937,Fixation,1255.1372639338176,1061.6648197174072,188.0,17.0,True,31,word,baseball,5.0
3084.0,1254.8354339599607,1058.5810375213623,0.4934122264385223,0.7619062066078186,0.4901700913906097,0.735125720500946,3.0435333251953125,2.963470458984375,Fixation,1255.1372639338176,1061.6648197174072,188.0,17.0,True,31,word,baseball,5.0
3088.0,1255.2992248535154,1061.0148525238037,0.4914138913154602,0.7617332935333252,0.4903512597084045,0.736815869808197,3.024520874023437,2.97357177734375,Fixation,1255.1372639338176,1061.6648197174072,188.0,17.0,True,31,word,baseball,5.0
3092.0,1258.8172912597654,1056.818675994873,0.4913805723190307,0.7595613598823547,0.4917255043983459,0.733901858329773,3.0289459228515625,2.9635009765625,Fixation,1255.1372639338176,1061.6648197174072,188.0,17.0,True,31,word,baseball,5.0
3096.0,1254.730529785156,1051.1996841430664,0.4921078681945801,0.7558175921440125,0.4901291131973266,0.7299997806549072,3.036407470703125,2.9627838134765625,Fixation,1255.1372639338176,1061.6648197174072,188.0,17.0,True,31,word,baseball,5.0
3100.0,1253.737564086914,1050.1405334472656,0.4901185631752014,0.7621703147888184,0.4897412359714508,0.7292642593383789,3.0338287353515625,2.9765167236328125,Fixation,1255.1372639338176,1061.6648197174072,188.0,17.0,True,31,word,baseball,5.0
3104.0,1264.1727447509766,1047.5192642211914,0.489751935005188,0.765967845916748,0.4938174784183502,0.7274439334869385,3.0418853759765625,2.96826171875,Fixation,1255.1372639338176,1061.6648197174072,188.0,17.0,True,31,word,baseball,5.0
3108.0,1283.9593505859375,1055.0474739074707,0.4931426346302032,0.7606579661369324,0.5015466213226318,0.732671856880188,3.0556640625,2.9791717529296875,Fixation,1255.1372639338176,1061.6648197174072,188.0,17.0,True,31,word,baseball,5.0
3112.0,1348.7680053710938,1039.7935581207275,0.52249675989151,0.7393227815628052,0.5268625020980835,0.7220788598060608,3.0467681884765625,2.9658203125,Fixation,1381.6920817982066,1006.3724262064153,84.0,18.0,True,32,image,,11.0
3116.0,1397.9090881347656,1032.2437191009521,0.5410402417182922,0.7264647483825684,0.5460582375526428,0.7168359160423279,3.0342559814453125,2.986114501953125,Fixation,1381.6920817982066,1006.3724262064153,84.0,18.0,True,32,image,,11.0
3120.0,1414.8933410644531,1007.913293838501,0.5447908043861389,0.7267153263092041,0.552692711353302,0.6999397873878479,3.039031982421875,2.966583251953125,Fixation,1381.6920817982066,1006.3724262064153,84.0,18.0,True,32,image,,11.0
3124.0,1392.3973083496094,1001.0243511199951,0.5400658845901489,0.728978157043457,0.5439051985740662,0.6951557993888855,3.046539306640625,2.9779205322265625,Fixation,1381.6920817982066,1006.3724262064153,84.0,18.0,True,32,image,,11.0
3128.0,1374.2921447753906,1002.9004383087158,0.536628246307373,0.7217850089073181,0.536832869052887,0.696458637714386,3.048095703125,2.975982666015625,Fixation,1381.6920817982066,1006.3724262064153,84.0,18.0,True,32,image,,11.0
3132.0,1368.2466125488281,1000.036096572876,0.5377024412155151,0.7216273546218872,0.534471333026886,0.6944695115089417,3.048080444335937,2.98077392578125,Fixation,1381.6920817982066,1006.3724262064153,84.0,18.0,True,32,image,,11.0
3136.0,1376.0044860839844,1004.1254138946533,0.5371119379997253,0.729556143283844,0.5375017523765564,0.6973093152046204,3.0516357421875,2.984359741210937,Fixation,1381.6920817982066,1006.3724262064153,84.0,18.0,True,32,image,,11.0
3140.0,1373.0642700195312,1002.138261795044,0.538673460483551,0.7283671498298645,0.5363532304763794,0.6959293484687805,3.06060791015625,2.9903106689453125,Fixation,1381.6920817982066,1006.3724262064153,84.0,18.0,True,32,image,,11.0
3144.0,1375.458984375,1005.4214572906494,0.534042239189148,0.7278853058815002,0.5372886657714844,0.6982093453407288,3.0748443603515625,2.99017333984375,Fixation,1381.6920817982066,1006.3724262064153,84.0,18.0,True,32,image,,11.0
3148.0,1388.1076049804688,1006.5018939971924,0.5382394194602966,0.7289683222770691,0.5422295331954956,0.6989596486091614,3.0636138916015625,2.990219116210937,Fixation,1381.6920817982066,1006.3724262064153,84.0,18.0,True,32,image,,11.0
3152.0,1381.9938659667969,1011.5821266174316,0.5402401685714722,0.7328115701675415,0.53984135389328,0.702487587928772,3.055160522460937,2.996078491210937,Fixation,1381.6920817982066,1006.3724262064153,84.0,18.0,True,32,image,,11.0
3156.0,1373.1536865234375,1006.215991973877,0.5414496660232544,0.7252352833747864,0.5363881587982178,0.6987611055374146,3.0638580322265625,2.9959716796875,Fixation,1381.6920817982066,1006.3724262064153,84.0,18.0,True,32,image,,11.0
3160.0,1378.0911254882812,1008.3448505401611,0.5400127172470093,0.726554811000824,0.5383168458938599,0.7002394795417786,3.0583648681640625,2.977523803710937,Fixation,1381.6920817982066,1006.3724262064153,84.0,18.0,True,32,image,,11.0
3164.0,1381.6981506347656,1008.7613868713379,0.5373474359512329,0.7225125432014465,0.5397258400917053,0.7005287408828735,3.0639801025390625,2.97967529296875,Fixation,1381.6920817982066,1006.3724262064153,84.0,18.0,True,32,image,,11.0
3168.0,1381.4068603515625,1003.8605403900146,0.5377041697502136,0.7189016342163086,0.5396120548248291,0.6971253752708435,3.056610107421875,2.9937896728515625,Fixation,1381.6920817982066,1006.3724262064153,84.0,18.0,True,32,image,,11.0
3172.0,1375.814208984375,1001.586971282959,0.5372650027275085,0.7260782122612,0.5374274253845215,0.6955465078353882,3.056549072265625,2.986557006835937,Fixation,1381.6920817982066,1006.3724262064153,84.0,18.0,True,32,image,,11.0
3176.0,1389.8387145996094,999.2314338684082,0.5361557602882385,0.7209407687187195,0.5429057478904724,0.6939107179641724,3.0713348388671875,2.98919677734375,Fixation,1381.6920817982066,1006.3724262064153,84.0,18.0,True,32,image,,11.0
3180.0,1384.8306274414062,1004.249439239502,0.5380114912986755,0.7237743139266968,0.5409494638442993,0.6973954439163208,3.0606842041015625,2.986557006835937,Fixation,1381.6920817982066,1006.3724262064153,84.0,18.0,True,32,image,,11.0
3184.0,1386.83837890625,1005.2677345275879,0.5382722020149231,0.7234682440757751,0.5417337417602539,0.698102593421936,3.0653076171875,2.9854278564453125,Fixation,1381.6920817982066,1006.3724262064153,84.0,18.0,True,32,image,,11.0
3188.0,1380.6646728515625,1003.0980205535889,0.5361416339874268,0.7234575748443604,0.5393221378326416,0.6965958476066589,3.069976806640625,2.9895172119140625,Fixation,1381.6920817982066,1006.3724262064153,84.0,18.0,True,32,image,,11.0
3192.0,1387.734375,997.3356056213379,0.5357467532157898,0.7310860753059387,0.542083740234375,0.6925941705703735,3.0594024658203125,2.98443603515625,Fixation,1381.6920817982066,1006.3724262064153,84.0,18.0,True,32,image,,11.0
3196.0,1386.019287109375,988.560791015625,0.5396685004234314,0.7196285128593445,0.5414137840270996,0.6865005493164062,3.0557403564453125,2.980621337890625,Fixation,1381.6920817982066,1006.3724262064153,84.0,18.0,True,32,image,,11.0
3200.0,1394.8394775390625,978.4410095214844,0.538593053817749,0.7233355641365051,0.5448591709136963,0.6794729232788086,3.0452880859375,2.958526611328125,Fixation,1405.4297941276825,1015.0431384810482,328.0,19.0,True,33,image,,11.0
3204.0,1385.2635192871094,1001.7594909667969,0.5409781336784363,0.7251406908035278,0.5411185622215271,0.6956663131713867,3.0457305908203125,2.9867401123046875,Fixation,1405.4297941276825,1015.0431384810482,328.0,19.0,True,33,image,,11.0
3208.0,1389.3156433105469,996.558666229248,0.5360832214355469,0.7276829481124878,0.5427014231681824,0.6920546293258667,3.066497802734375,2.9805450439453125,Fixation,1405.4297941276825,1015.0431384810482,328.0,19.0,True,33,image,,11.0
3212.0,1380.9921264648438,995.0452995300293,0.5384004712104797,0.7270111441612244,0.5394500494003296,0.691003680229187,3.0537872314453125,2.972412109375,Fixation,1405.4297941276825,1015.0431384810482,328.0,19.0,True,33,image,,11.0
3216.0,1386.346435546875,1008.2639980316162,0.5379130840301514,0.7243834137916565,0.541541576385498,0.7001833319664001,3.06103515625,2.9782867431640625,Fixation,1405.4297941276825,1015.0431384810482,328.0,19.0,True,33,image,,11.0
3220.0,1385.1643371582031,1008.0080509185791,0.5402877330780029,0.7196794152259827,0.5410798192024231,0.7000055909156799,3.036224365234375,2.9923095703125,Fixation,1405.4297941276825,1015.0431384810482,328.0,19.0,True,33,image,,11.0
3224.0,1387.0343017578125,1008.3146381378174,0.5404971241950989,0.7192984223365784,0.5418102741241455,0.7002184987068176,3.0424041748046875,2.9639129638671875,Fixation,1405.4297941276825,1015.0431384810482,328.0,19.0,True,33,image,,11.0
3228.0,1381.35986328125,998.6303615570068,0.5455963015556335,0.7272812724113464,0.5395936965942383,0.6934933066368103,3.041473388671875,2.97296142578125,Fixation,1405.4297941276825,1015.0431384810482,328.0,19.0,True,33,image,,11.0
3232.0,1385.0325012207031,1008.8216400146484,0.5393991470336914,0.7237049341201782,0.5410283207893372,0.7005705833435059,3.04620361328125,2.97015380859375,Fixation,1405.4297941276825,1015.0431384810482,328.0,19.0,True,33,image,,11.0
3236.0,1388.4336853027344,1009.3017768859863,0.538818359375,0.7272622585296631,0.5423569083213806,0.7009040117263794,3.051971435546875,2.96270751953125,Fixation,1405.4297941276825,1015.0431384810482,328.0,19.0,True,33,image,,11.0
3240.0,1391.0604858398438,1009.4826221466064,0.5410534143447876,0.7263915538787842,0.543383002281189,0.7010295987129211,3.0470123291015625,2.9519195556640625,Fixation,1405.4297941276825,1015.0431384810482,328.0,19.0,True,33,image,,11.0
3244.0,1393.8594055175781,1014.9155330657959,0.5393071174621582,0.7260857820510864,0.544476330280304,0.7048024535179138,3.034698486328125,2.9412384033203125,Fixation,1405.4297941276825,1015.0431384810482,328.0,19.0,True,33,image,,11.0
3248.0,1390.3115844726562,1009.9291133880615,0.5376477241516113,0.7274188995361328,0.5430904626846313,0.7013396620750427,3.032623291015625,2.9569091796875,Fixation,1405.4297941276825,1015.0431384810482,328.0,19.0,True,33,image,,11.0
3252.0,1393.572998046875,997.2272872924805,0.5401103496551514,0.725098192691803,0.5443644523620605,0.692518949508667,3.026473999023437,2.950469970703125,Fixation,1405.4297941276825,1015.0431384810482,328.0,19.0,True,33,image,,11.0
3256.0,1399.7221374511719,996.5699100494385,0.5407233238220215,0.7263311147689819,0.546766459941864,0.6920624375343323,3.0350494384765625,2.944686889648437,Fixation,1405.4297941276825,1015.0431384810482,328.0,19.0,True,33,image,,11.0
3260.0,1399.317626953125,992.8677749633789,0.5412774682044983,0.717333197593689,0.5466084480285645,0.6894915103912354,3.0127105712890625,2.9360504150390625,Fixation,1405.4297941276825,1015.0431384810482,328.0,19.0,True,33,image,,11.0
3264.0,1391.217041015625,986.402063369751,0.5385662913322449,0.7216913104057312,0.5434441566467285,0.6850014328956604,3.007049560546875,2.9467010498046875,Fixation,1405.4297941276825,1015.0431384810482,328.0,19.0,True,33,image,,11.0
3268.0,1385.5293273925781,990.919246673584,0.5345035791397095,0.7227089405059814,0.5412223935127258,0.6881383657455444,3.01080322265625,2.935653686523437,Fixation,1405.4297941276825,1015.0431384810482,328.0,19.0,True,33,image,,11.0
3272.0,1385.0982666015625,994.0754985809326,0.5397970080375671,0.7218838930130005,0.5410540103912354,0.6903302073478699,3.0224151611328125,2.934814453125,Fixation,1405.4297941276825,1015.0431384810482,328.0,19.0,True,33,image,,11.0
3276.0,1392.1846008300781,999.8667526245117,0.5379354357719421,0.7226881384849548,0.5438221096992493,0.6943519115447998,3.0050201416015625,2.93121337890625,Fixation,1405.4297941276825,1015.0431384810482,328.0,19.0,True,33,image,,11.0
3280.0,1380.1077270507812,997.2322654724121,0.5387730598449707,0.7253466248512268,0.5391045808792114,0.692522406578064,2.99835205078125,2.93585205078125,Fixation,1405.4297941276825,1015.0431384810482,328.0,19.0,True,33,image,,11.0
3284.0,1393.8653564453125,999.3472194671631,0.5371819138526917,0.7209768891334534,0.5444786548614502,0.6939911246299744,2.99615478515625,2.9243621826171875,Fixation,1405.4297941276825,1015.0431384810482,328.0,19.0,True,33,image,,11.0
3288.0,1386.3182067871094,994.5807838439941,0.5399166345596313,0.7224513292312622,0.5415305495262146,0.6906810998916626,3.007186889648437,2.940826416015625,Fixation,1405.4297941276825,1015.0431384810482,328.0,19.0,True,33,image,,11.0
3292.0,1385.6010437011719,996.9264507293701,0.5403745770454407,0.7260919213294983,0.5412504076957703,0.6923100352287292,2.999008178710937,2.93115234375,Fixation,1405.4297941276825,1015.0431384810482,328.0,19.0,True,33,image,,11.0
3296.0,1398.2379150390625,994.1890525817871,0.5395077466964722,0.720031201839447,0.5461866855621338,0.6904090642929077,2.9836883544921875,2.908477783203125,Fixation,1405.4297941276825,1015.0431384810482,328.0,19.0,True,33,image,,11.0
3300.0,1386.4520263671875,996.9116020202637,0.541870653629303,0.7201955318450928,0.5415828227996826,0.6922997236251831,2.967514038085937,2.900665283203125,Fixation,1405.4297941276825,1015.0431384810482,328.0,19.0,True,33,image,,11.0
3304.0,1389.7088623046875,1013.3420848846436,0.5371817350387573,0.7237032651901245,0.5428550243377686,0.7037097811698914,2.9829864501953125,2.9136199951171875,Fixation,1405.4297941276825,1015.0431384810482,328.0,19.0,True,33,image,,11.0
3308.0,1384.0972900390625,1013.5731410980225,0.5389572978019714,0.7179235816001892,0.5406630039215088,0.7038702368736267,2.9755859375,2.9199676513671875,Fixation,1405.4297941276825,1015.0431384810482,328.0,19.0,True,33,image,,11.0
3312.0,1387.5726318359375,997.9450035095215,0.5421102643013,0.7217239141464233,0.5420205593109131,0.6930173635482788,2.959564208984375,2.898406982421875,Fixation,1405.4297941276825,1015.0431384810482,328.0,19.0,True,33,image,,11.0
3316.0,1385.9701538085938,995.4138565063477,0.5389084219932556,0.7234289050102234,0.5413945913314819,0.6912596225738525,2.9729766845703125,2.8937225341796875,Fixation,1405.4297941276825,1015.0431384810482,328.0,19.0,True,33,image,,11.0
3320.0,1393.9836120605469,995.3786659240723,0.5379765629768372,0.7233778238296509,0.5445248484611511,0.6912351846694946,2.9535675048828125,2.8826446533203125,Fixation,1405.4297941276825,1015.0431384810482,328.0,19.0,True,33,image,,11.0
3324.0,1388.1097412109375,1002.4131774902344,0.538901150226593,0.7206981182098389,0.5422303676605225,0.6961202621459961,2.94476318359375,2.8930816650390625,Fixation,1405.4297941276825,1015.0431384810482,328.0,19.0,True,33,image,,11.0
3328.0,1387.5068664550781,997.8128242492676,0.5361829996109009,0.7213066816329956,0.5419948697090149,0.6929255723953247,2.9605712890625,2.880889892578125,Fixation,1405.4297941276825,1015.0431384810482,328.0,19.0,True,33,image,,11.0
3332.0,1401.2184143066406,993.973445892334,0.5386842489242554,0.7192006707191467,0.5473509430885315,0.6902593374252319,2.9537506103515625,2.8829803466796875,Fixation,1405.4297941276825,1015.0431384810482,328.0,19.0,True,33,image,,11.0
3336.0,1390.8349609375,998.4880542755127,0.5399870872497559,0.720325231552124,0.5432949066162109,0.6933944821357727,2.93341064453125,2.8784637451171875,Fixation,1405.4297941276825,1015.0431384810482,328.0,19.0,True,33,image,,11.0
3340.0,1387.5736999511719,993.6827373504639,0.5395282506942749,0.7183936238288879,0.5420209765434265,0.6900574564933777,2.951889038085937,2.87646484375,Fixation,1405.4297941276825,1015.0431384810482,328.0,19.0,True,33,image,,11.0
3344.0,1387.7587890625,984.1812801361084,0.5398436188697815,0.7251447439193726,0.5420932769775391,0.6834592223167419,2.937850952148437,2.881500244140625,Fixation,1405.4297941276825,1015.0431384810482,328.0,19.0,True,33,image,,11.0
3348.0,1394.8500061035156,985.0958061218262,0.5401939749717712,0.7225494384765625,0.5448632836341858,0.6840943098068237,2.930084228515625,2.874176025390625,Fixation,1405.4297941276825,1015.0431384810482,328.0,19.0,True,33,image,,11.0
3352.0,1385.9518432617188,987.9935359954834,0.54401695728302,0.7256267070770264,0.5413874387741089,0.6861066222190857,2.93682861328125,2.8702850341796875,Fixation,1405.4297941276825,1015.0431384810482,328.0,19.0,True,33,image,,11.0
3356.0,1388.6195373535156,988.9000797271729,0.5410096049308777,0.7246628999710083,0.542429506778717,0.6867361664772034,2.9355010986328125,2.871566772460937,Fixation,1405.4297941276825,1015.0431384810482,328.0,19.0,True,33,image,,11.0
3360.0,1382.4398803710938,991.8881034851074,0.5387479066848755,0.7224298715591431,0.5400155782699585,0.688811182975769,2.932373046875,2.857666015625,Fixation,1405.4297941276825,1015.0431384810482,328.0,19.0,True,33,image,,11.0
3364.0,1393.1034851074219,996.2262439727783,0.5408260822296143,0.7227885127067566,0.5441810488700867,0.6918237805366516,2.9312744140625,2.8690185546875,Fixation,1405.4297941276825,1015.0431384810482,328.0,19.0,True,33,image,,11.0
3368.0,1413.555908203125,1010.062837600708,0.5428874492645264,0.7326627969741821,0.5521702766418457,0.7014325261116028,2.934326171875,2.86126708984375,Fixation,1405.4297941276825,1015.0431384810482,328.0,19.0,True,33,image,,11.0
3372.0,1425.9951782226562,1020.7768249511719,0.5562062859535217,0.7396517395973206,0.5570293664932251,0.7088727951049805,2.925994873046875,2.8499298095703125,Fixation,1405.4297941276825,1015.0431384810482,328.0,19.0,True,33,image,,11.0
3376.0,1435.2047729492188,1040.2428817749023,0.5624883770942688,0.74955153465271,0.5606268644332886,0.72239089012146,2.906829833984375,2.8561553955078125,Fixation,1405.4297941276825,1015.0431384810482,328.0,19.0,True,33,image,,11.0
3380.0,1422.2283935546875,1034.7328090667725,0.5527933239936829,0.764115571975708,0.5555579662322998,0.7185644507408142,2.921630859375,2.8577117919921875,Fixation,1405.4297941276825,1015.0431384810482,328.0,19.0,True,33,image,,11.0
3384.0,1419.3548583984375,1024.9577236175537,0.5552221536636353,0.7554029226303101,0.5544354915618896,0.7117761969566345,2.91839599609375,2.850372314453125,Fixation,1405.4297941276825,1015.0431384810482,328.0,19.0,True,33,image,,11.0
3388.0,1418.2304382324219,1026.344919204712,0.554955005645752,0.7426480650901794,0.5539962649345398,0.7127395272254944,2.9151611328125,2.8467559814453125,Fixation,1405.4297941276825,1015.0431384810482,328.0,19.0,True,33,image,,11.0
3392.0,1416.6769409179688,1035.2983474731445,0.5571328997612,0.749237060546875,0.5533894300460815,0.7189571857452393,2.90533447265625,2.8612060546875,Fixation,1405.4297941276825,1015.0431384810482,328.0,19.0,True,33,image,,11.0
3396.0,1422.8703308105469,1033.5602760314941,0.5564656257629395,0.7424679398536682,0.5558087229728699,0.7177501916885376,2.9100341796875,2.8411407470703125,Fixation,1405.4297941276825,1015.0431384810482,328.0,19.0,True,33,image,,11.0
3400.0,1415.4986572265625,1024.0038871765137,0.5573685765266418,0.7481635212898254,0.552929162979126,0.7111138105392456,2.9016876220703125,2.8541717529296875,Fixation,1405.4297941276825,1015.0431384810482,328.0,19.0,True,33,image,,11.0
3404.0,1417.437744140625,1028.446397781372,0.5552880764007568,0.7457386255264282,0.5536866188049316,0.714198887348175,2.9055938720703125,2.8537139892578125,Fixation,1405.4297941276825,1015.0431384810482,328.0,19.0,True,33,image,,11.0
3408.0,1414.4731140136719,1028.2293319702148,0.5572214126586914,0.7450720071792603,0.5525285601615906,0.7140481472015381,2.8996124267578125,2.841293334960937,Fixation,1405.4297941276825,1015.0431384810482,328.0,19.0,True,33,image,,11.0
3412.0,1414.72412109375,1030.1467037200928,0.5566387176513672,0.7473167181015015,0.5526266098022461,0.7153796553611755,2.9063873291015625,2.8440399169921875,Fixation,1405.4297941276825,1015.0431384810482,328.0,19.0,True,33,image,,11.0
3416.0,1416.87255859375,1020.6367492675781,0.5623107552528381,0.7439752221107483,0.5534658432006836,0.708775520324707,2.877655029296875,2.8287353515625,Fixation,1405.4297941276825,1015.0431384810482,328.0,19.0,True,33,image,,11.0
3420.0,1425.1416015625,1030.8183288574219,0.5568668842315674,0.7459955215454102,0.5566959381103516,0.715846061706543,2.8753662109375,2.83770751953125,Fixation,1405.4297941276825,1015.0431384810482,328.0,19.0,True,33,image,,11.0
3424.0,1420.2247619628906,1045.1006412506104,0.5577067136764526,0.741915225982666,0.5547752976417542,0.7257643342018127,2.883651733398437,2.844024658203125,Fixation,1405.4297941276825,1015.0431384810482,328.0,19.0,True,33,image,,11.0
3428.0,1420.5601501464844,1043.8170433044434,0.5538732409477234,0.7510650753974915,0.5549063086509705,0.7248729467391968,2.8867340087890625,2.84942626953125,Fixation,1405.4297941276825,1015.0431384810482,328.0,19.0,True,33,image,,11.0
3432.0,1422.098388671875,1035.9672260284424,0.5553061366081238,0.7534959316253662,0.5555071830749512,0.7194216847419739,2.8954010009765625,2.836273193359375,Fixation,1405.4297941276825,1015.0431384810482,328.0,19.0,True,33,image,,11.0
3436.0,1409.541015625,1037.0876598358154,0.5579802989959717,0.7516799569129944,0.5506019592285156,0.7201997637748718,2.882797241210937,2.83929443359375,Fixation,1405.4297941276825,1015.0431384810482,328.0,19.0,True,33,image,,11.0
3440.0,1414.9148559570312,1036.6941261291504,0.5555067658424377,0.7450835704803467,0.5527011156082153,0.7199264764785767,2.8950958251953125,2.8393707275390625,Fixation,1405.4297941276825,1015.0431384810482,328.0,19.0,True,33,image,,11.0
3444.0,1424.2457580566406,1032.9849529266357,0.5584772229194641,0.7469395995140076,0.5563459992408752,0.7173506617546082,2.87750244140625,2.839584350585937,Fixation,1405.4297941276825,1015.0431384810482,328.0,19.0,True,33,image,,11.0
3448.0,1422.7349853515625,1037.2685050964355,0.5552530288696289,0.7487412095069885,0.5557558536529541,0.7203253507614136,2.873931884765625,2.822235107421875,Fixation,1405.4297941276825,1015.0431384810482,328.0,19.0,True,33,image,,11.0
3452.0,1424.4140625,1024.810438156128,0.56052166223526,0.7389377951622009,0.5564117431640625,0.7116739153862,2.875885009765625,2.8123016357421875,Fixation,1405.4297941276825,1015.0431384810482,328.0,19.0,True,33,image,,11.0
3456.0,1421.253662109375,1034.3619346618652,0.5561965107917786,0.7547094225883484,0.5551772117614746,0.7183068990707397,2.876617431640625,2.82861328125,Fixation,1405.4297941276825,1015.0431384810482,328.0,19.0,True,33,image,,11.0
3460.0,1422.84423828125,1032.7484035491943,0.5574698448181152,0.7460187673568726,0.5557985305786133,0.7171863913536072,2.8740692138671875,2.8192291259765625,Fixation,1405.4297941276825,1015.0431384810482,328.0,19.0,True,33,image,,11.0
3464.0,1426.5519714355469,1025.2267169952393,0.554986298084259,0.7499788999557495,0.5572468638420105,0.7119629979133606,2.884017944335937,2.816268920898437,Fixation,1405.4297941276825,1015.0431384810482,328.0,19.0,True,33,image,,11.0
3468.0,1436.9575500488281,1035.8878326416016,0.556564450263977,0.7424092292785645,0.5613115429878235,0.7193665504455566,2.877777099609375,2.8109588623046875,Fixation,1405.4297941276825,1015.0431384810482,328.0,19.0,True,33,image,,11.0
3472.0,1431.8475341796875,1034.507074356079,0.5511724352836609,0.7533581852912903,0.5593154430389404,0.7184076905250549,2.8805084228515625,2.8209686279296875,Fixation,1405.4297941276825,1015.0431384810482,328.0,19.0,True,33,image,,11.0
3476.0,1419.5771789550781,1033.4444904327393,0.5551763772964478,0.7429219484329224,0.5545223355293274,0.7176697850227356,2.8754119873046875,2.826171875,Fixation,1405.4297941276825,1015.0431384810482,328.0,19.0,True,33,image,,11.0
3480.0,1420.5967712402344,1037.5265979766846,0.5563028454780579,0.7446306943893433,0.5549206137657166,0.7205045819282532,2.875,2.833465576171875,Fixation,1405.4297941276825,1015.0431384810482,328.0,19.0,True,33,image,,11.0
3484.0,1425.7963562011719,1028.0571556091309,0.5550578236579895,0.7494407296180725,0.5569517016410828,0.7139285802841187,2.882476806640625,2.8319549560546875,Fixation,1405.4297941276825,1015.0431384810482,328.0,19.0,True,33,image,,11.0
3488.0,1423.3680725097656,1038.8210105895996,0.5538123846054077,0.7444201111793518,0.5560031533241272,0.7214034795761108,2.861434936523437,2.8192291259765625,Fixation,1405.4297941276825,1015.0431384810482,328.0,19.0,True,33,image,,11.0
3492.0,1422.3258972167969,1040.8497905731201,0.5530986785888672,0.7435034513473511,0.5555960536003113,0.7228123545646667,2.8619384765625,2.83831787109375,Fixation,1405.4297941276825,1015.0431384810482,328.0,19.0,True,33,image,,11.0
3496.0,1427.6593017578125,1038.7303733825684,0.5534844994544983,0.745254397392273,0.5576794147491455,0.721340537071228,2.8603057861328125,2.801666259765625,Fixation,1405.4297941276825,1015.0431384810482,328.0,19.0,True,33,image,,11.0
3500.0,1417.7333068847656,1033.4070682525635,0.5596460103988647,0.7458407878875732,0.5538020730018616,0.7176437973976135,2.8588409423828125,2.822357177734375,Fixation,1405.4297941276825,1015.0431384810482,328.0,19.0,True,33,image,,11.0
3504.0,1424.5304870605469,1038.6078929901123,0.5533849596977234,0.7452869415283203,0.5564572215080261,0.7212554812431335,2.85699462890625,2.8176727294921875,Fixation,1405.4297941276825,1015.0431384810482,328.0,19.0,True,33,image,,11.0
3508.0,1425.3414916992188,1028.8037109375,0.5577297806739807,0.7467460036277771,0.5567740201950073,0.714447021484375,2.864471435546875,2.80029296875,Fixation,1405.4297941276825,1015.0431384810482,328.0,19.0,True,33,image,,11.0
3512.0,1425.7902526855469,1027.8800868988037,0.5551988482475281,0.7442008852958679,0.5569493174552917,0.713805615901947,2.858917236328125,2.8218231201171875,Fixation,1405.4297941276825,1015.0431384810482,328.0,19.0,True,33,image,,11.0
3516.0,1430.5001831054688,1031.9114685058594,0.5552549958229065,0.7465853095054626,0.5587891340255737,0.7166051864624023,2.8653717041015625,2.811920166015625,Fixation,1405.4297941276825,1015.0431384810482,328.0,19.0,True,33,image,,11.0
3520.0,1417.4221801757812,1041.5548038482666,0.5576797723770142,0.7530966997146606,0.5536805391311646,0.7233019471168518,2.8586578369140625,2.815704345703125,Fixation,1405.4297941276825,1015.0431384810482,328.0,19.0,True,33,image,,11.0
3524.0,1414.2025756835938,1032.193078994751,0.5559229254722595,0.7499055862426758,0.5524228811264038,0.7168007493019104,2.851318359375,2.817108154296875,Fixation,1405.4297941276825,1015.0431384810482,328.0,19.0,True,33,image,,11.0
3528.0,1433.837890625,1031.1762428283691,0.5608669519424438,0.7502935528755188,0.5600929260253906,0.7160946130752563,2.8597412109375,2.794677734375,Fixation,1405.4297941276825,1015.0431384810482,328.0,19.0,True,33,image,,11.0
3532.0,1500.6144714355469,1038.9762783050537,0.5799511075019836,0.744746208190918,0.5861775279045105,0.7215113043785095,2.8496246337890625,2.8133697509765625,Saccade,,,,0.0,False,34,,,
3536.0,1568.9308166503906,1037.7102756500244,0.6014875769615173,0.7415422797203064,0.6128636002540588,0.7206321358680725,2.8654327392578125,2.819198608398437,Saccade,,,,0.0,False,34,,,
3540.0,1614.9253845214844,1039.526195526123,0.6238924264907837,0.7411726117134094,0.6308302283287048,0.7218931913375854,2.84033203125,2.8260498046875,Saccade,,,,0.0,False,34,,,
3544.0,1629.4685363769531,1039.019365310669,0.6333906650543213,0.7515612244606018,0.6365111470222473,0.7215412259101868,2.8628082275390625,2.815826416015625,Fixation,1600.9510972764756,1039.515738920732,392.0,20.0,True,35,image,,11.0
3548.0,1606.6819763183594,1029.5065784454346,0.6240781545639038,0.7597693800926208,0.6276101469993591,0.7149351239204407,2.8583984375,2.807235717773437,Fixation,1600.9510972764756,1039.515738920732,392.0,20.0,True,35,image,,11.0
3552.0,1590.1527404785156,1029.190034866333,0.6233519315719604,0.7571141123771667,0.6211534142494202,0.714715301990509,2.863632202148437,2.81634521484375,Fixation,1600.9510972764756,1039.515738920732,392.0,20.0,True,35,image,,11.0
3556.0,1595.7441711425781,1037.2661018371582,0.6214609742164612,0.7546311616897583,0.6233375668525696,0.7203236818313599,2.8662109375,2.8234100341796875,Fixation,1600.9510972764756,1039.515738920732,392.0,20.0,True,35,image,,11.0
3560.0,1607.3976135253906,1027.8274726867676,0.6209386587142944,0.745790958404541,0.6278896927833557,0.7137690782546997,2.853118896484375,2.813873291015625,Fixation,1600.9510972764756,1039.515738920732,392.0,20.0,True,35,image,,11.0
3564.0,1605.2876281738281,1026.7412853240967,0.6266387701034546,0.7535006403923035,0.6270654797554016,0.7130147814750671,2.8668975830078125,2.80584716796875,Fixation,1600.9510972764756,1039.515738920732,392.0,20.0,True,35,image,,11.0
3568.0,1607.818603515625,1027.618646621704,0.6274725198745728,0.7526111006736755,0.628054141998291,0.7136240601539612,2.866790771484375,2.814682006835937,Fixation,1600.9510972764756,1039.515738920732,392.0,20.0,True,35,image,,11.0
3572.0,1610.4470825195312,1031.2470531463623,0.6276129484176636,0.7544398307800293,0.6290808916091919,0.716143786907196,2.8478240966796875,2.808380126953125,Fixation,1600.9510972764756,1039.515738920732,392.0,20.0,True,35,image,,11.0
3576.0,1596.3497924804688,1031.0644054412842,0.6257411241531372,0.7578035593032837,0.6235741376876831,0.716016948223114,2.8453369140625,2.802978515625,Fixation,1600.9510972764756,1039.515738920732,392.0,20.0,True,35,image,,11.0
3580.0,1603.5502624511719,1037.1171855926514,0.626399040222168,0.7530224323272705,0.626386821269989,0.7202202677726746,2.8486480712890625,2.82611083984375,Fixation,1600.9510972764756,1039.515738920732,392.0,20.0,True,35,image,,11.0
3584.0,1596.0798645019531,1023.3178424835205,0.6265560984611511,0.7496255040168762,0.6234686970710754,0.7106373906135559,2.8588409423828125,2.8014373779296875,Fixation,1600.9510972764756,1039.515738920732,392.0,20.0,True,35,image,,11.0
3588.0,1594.5260620117188,1029.843807220459,0.6248511672019958,0.7575632333755493,0.6228617429733276,0.7151693105697632,2.8501434326171875,2.8170623779296875,Fixation,1600.9510972764756,1039.515738920732,392.0,20.0,True,35,image,,11.0
3592.0,1597.6573181152344,1028.7911796569824,0.6253735423088074,0.7565375566482544,0.6240848898887634,0.7144383192062378,2.8626861572265625,2.810043334960937,Fixation,1600.9510972764756,1039.515738920732,392.0,20.0,True,35,image,,11.0
3596.0,1592.4409484863281,1035.0732135772705,0.6240074038505554,0.7545145750045776,0.6220472455024719,0.7188008427619934,2.848388671875,2.8031158447265625,Fixation,1600.9510972764756,1039.515738920732,392.0,20.0,True,35,image,,11.0
3600.0,1594.5339965820312,1036.6876029968262,0.6244598627090454,0.7543873190879822,0.622864842414856,0.7199219465255737,2.8531494140625,2.8165740966796875,Fixation,1600.9510972764756,1039.515738920732,392.0,20.0,True,35,image,,11.0
3604.0,1591.6339111328125,1028.0767250061035,0.6284176707267761,0.7542224526405334,0.6217319965362549,0.7139421701431274,2.8349609375,2.8147735595703125,Fixation,1600.9510972764756,1039.515738920732,392.0,20.0,True,35,image,,11.0
3608.0,1601.341552734375,1030.991621017456,0.6244362592697144,0.7606539130210876,0.6255240440368652,0.7159664034843445,2.84698486328125,2.805938720703125,Fixation,1600.9510972764756,1039.515738920732,392.0,20.0,True,35,image,,11.0
3612.0,1612.3516845703125,1027.057228088379,0.6241093873977661,0.7555307149887085,0.6298248767852783,0.7132341861724854,2.858367919921875,2.7990875244140625,Fixation,1600.9510972764756,1039.515738920732,392.0,20.0,True,35,image,,11.0
3616.0,1602.2080993652344,1027.653923034668,0.6210165619850159,0.753097414970398,0.6258625388145447,0.7136485576629639,2.8689117431640625,2.8034210205078125,Fixation,1600.9510972764756,1039.515738920732,392.0,20.0,True,35,image,,11.0
3620.0,1600.1268005371094,1045.6647205352783,0.6242803335189819,0.7511444091796875,0.6250495314598083,0.7261560559272766,2.842803955078125,2.811004638671875,Fixation,1600.9510972764756,1039.515738920732,392.0,20.0,True,35,image,,11.0
3624.0,1607.6806640625,1025.220022201538,0.623022735118866,0.7513394951820374,0.6280002593994141,0.7119583487510681,2.85693359375,2.79620361328125,Fixation,1600.9510972764756,1039.515738920732,392.0,20.0,True,35,image,,11.0
3628.0,1597.7200317382812,1042.7924823760986,0.6247648596763611,0.7507213950157166,0.6241093873977661,0.7241614460945129,2.8502655029296875,2.8145294189453125,Fixation,1600.9510972764756,1039.515738920732,392.0,20.0,True,35,image,,11.0
3632.0,1600.0132751464844,1027.838373184204,0.6267044544219971,0.7610386610031128,0.6250051856040955,0.7137766480445862,2.85894775390625,2.8101959228515625,Fixation,1600.9510972764756,1039.515738920732,392.0,20.0,True,35,image,,11.0
3636.0,1598.9927673339844,1031.5113258361816,0.6289783120155334,0.7534152269363403,0.6246065497398376,0.7163273096084595,2.8545684814453125,2.805999755859375,Fixation,1600.9510972764756,1039.515738920732,392.0,20.0,True,35,image,,11.0
3640.0,1598.3290100097656,1040.6085205078125,0.6302500367164612,0.7532020211219788,0.6243472695350647,0.7226448059082031,2.846054077148437,2.805145263671875,Fixation,1600.9510972764756,1039.515738920732,392.0,20.0,True,35,image,,11.0
3644.0,1601.4450073242188,1035.1070308685303,0.6271715760231018,0.7559344172477722,0.625564455986023,0.7188243269920349,2.8631134033203125,2.804550170898437,Fixation,1600.9510972764756,1039.515738920732,392.0,20.0,True,35,image,,11.0
3648.0,1605.6500244140625,1039.7485828399658,0.6261156797409058,0.756739616394043,0.6272070407867432,0.7220476269721985,2.8523406982421875,2.818939208984375,Fixation,1600.9510972764756,1039.515738920732,392.0,20.0,True,35,image,,11.0
3652.0,1600.8758544921875,1034.0480518341064,0.6300715208053589,0.7516810894012451,0.6253421306610107,0.7180889248847961,2.853500366210937,2.8043212890625,Fixation,1600.9510972764756,1039.515738920732,392.0,20.0,True,35,image,,11.0
3656.0,1596.834716796875,1030.4695987701416,0.6259526014328003,0.7597916722297668,0.6237635612487793,0.7156038880348206,2.858749389648437,2.80059814453125,Fixation,1600.9510972764756,1039.515738920732,392.0,20.0,True,35,image,,11.0
3660.0,1598.7403869628906,1035.3085613250732,0.6239500045776367,0.7555739283561707,0.6245079636573792,0.7189642786979675,2.8622283935546875,2.80950927734375,Fixation,1600.9510972764756,1039.515738920732,392.0,20.0,True,35,image,,11.0
3664.0,1600.0819396972656,1041.7858600616455,0.6286464333534241,0.7523844242095947,0.6250320076942444,0.7234624028205872,2.8600006103515625,2.8162078857421875,Fixation,1600.9510972764756,1039.515738920732,392.0,20.0,True,35,image,,11.0
3668.0,1606.39404296875,1027.6071453094482,0.6230440735816956,0.7581133246421814,0.627497673034668,0.7136160731315613,2.870223999023437,2.7880859375,Fixation,1600.9510972764756,1039.515738920732,392.0,20.0,True,35,image,,11.0
3672.0,1603.9778137207031,1032.101411819458,0.6275330781936646,0.7516468167304993,0.6265538334846497,0.7167370915412903,2.8578033447265625,2.8032989501953125,Fixation,1600.9510972764756,1039.515738920732,392.0,20.0,True,35,image,,11.0
3676.0,1603.4817504882812,1034.2168807983398,0.6237900257110596,0.7540953159332275,0.6263600587844849,0.7182061672210693,2.8664703369140625,2.8164520263671875,Fixation,1600.9510972764756,1039.515738920732,392.0,20.0,True,35,image,,11.0
3680.0,1599.4696044921875,1039.6817207336426,0.6224929690361023,0.7544766068458557,0.6247928142547607,0.7220011949539185,2.863372802734375,2.81634521484375,Fixation,1600.9510972764756,1039.515738920732,392.0,20.0,True,35,image,,11.0
3684.0,1597.5308227539062,1042.6587581634521,0.6238437294960022,0.7497933506965637,0.6240354776382446,0.7240685820579529,2.8728790283203125,2.810028076171875,Fixation,1600.9510972764756,1039.515738920732,392.0,20.0,True,35,image,,11.0
3688.0,1601.8302917480469,1046.6389846801758,0.6238792538642883,0.752879798412323,0.6257149577140808,0.7268326282501221,2.8651580810546875,2.816390991210937,Fixation,1600.9510972764756,1039.515738920732,392.0,20.0,True,35,image,,11.0
3692.0,1602.598876953125,1035.8771896362305,0.6240822076797485,0.7564009428024292,0.6260151863098145,0.7193591594696045,2.8762664794921875,2.80682373046875,Fixation,1600.9510972764756,1039.515738920732,392.0,20.0,True,35,image,,11.0
3696.0,1604.8501586914062,1042.1477222442627,0.6246187686920166,0.752301812171936,0.6268945932388306,0.7237136960029602,2.84417724609375,2.809188842773437,Fixation,1600.9510972764756,1039.515738920732,392.0,20.0,True,35,image,,11.0
3700.0,1595.6294250488281,1045.4092025756836,0.6233923435211182,0.7521516680717468,0.6232927441596985,0.7259786128997803,2.867462158203125,2.826019287109375,Fixation,1600.9510972764756,1039.515738920732,392.0,20.0,True,35,image,,11.0
3704.0,1601.9668579101562,1039.0520668029785,0.6249676942825317,0.7533420324325562,0.6257683038711548,0.7215639352798462,2.85882568359375,2.820159912109375,Fixation,1600.9510972764756,1039.515738920732,392.0,20.0,True,35,image,,11.0
3708.0,1596.6865539550781,1047.7047443389893,0.6237924098968506,0.7532742619514465,0.6237056851387024,0.7275727391242981,2.867645263671875,2.8192596435546875,Fixation,1600.9510972764756,1039.515738920732,392.0,20.0,True,35,image,,11.0
3712.0,1598.25439453125,1045.473918914795,0.622600793838501,0.7575106024742126,0.6243181228637695,0.7260235548019409,2.8606109619140625,2.816314697265625,Fixation,1600.9510972764756,1039.515738920732,392.0,20.0,True,35,image,,11.0
3716.0,1600.7046508789062,1041.3843441009521,0.6223539113998413,0.7530899047851562,0.6252752542495728,0.7231835722923279,2.872467041015625,2.825347900390625,Fixation,1600.9510972764756,1039.515738920732,392.0,20.0,True,35,image,,11.0
3720.0,1595.4409790039062,1040.148983001709,0.6215567588806152,0.7537425756454468,0.6232191324234009,0.7223256826400757,2.8754119873046875,2.8115234375,Fixation,1600.9510972764756,1039.515738920732,392.0,20.0,True,35,image,,11.0
3724.0,1599.5881652832031,1034.7965812683105,0.6260421276092529,0.7495920062065125,0.6248391270637512,0.7186087369918823,2.8621826171875,2.791839599609375,Fixation,1600.9510972764756,1039.515738920732,392.0,20.0,True,35,image,,11.0
3728.0,1588.0537414550781,1040.5823421478271,0.624763548374176,0.756809413433075,0.6203334927558899,0.7226266264915466,2.8641357421875,2.815048217773437,Fixation,1600.9510972764756,1039.515738920732,392.0,20.0,True,35,image,,11.0
3732.0,1591.2045288085938,1044.4714164733887,0.6239103674888611,0.7544482350349426,0.6215642690658569,0.7253273725509644,2.861801147460937,2.8240203857421875,Fixation,1600.9510972764756,1039.515738920732,392.0,20.0,True,35,image,,11.0
3736.0,1599.3826293945312,1030.0792407989502,0.6195146441459656,0.7591608762741089,0.6247588396072388,0.7153328061103821,2.879135131835937,2.7998199462890625,Fixation,1600.9510972764756,1039.515738920732,392.0,20.0,True,35,image,,11.0
3740.0,1590.9445190429688,1031.5254878997803,0.624219536781311,0.757425844669342,0.6214627027511597,0.7163371443748474,2.875595092773437,2.8133544921875,Fixation,1600.9510972764756,1039.515738920732,392.0,20.0,True,35,image,,11.0
3744.0,1599.3975830078125,1036.9862079620361,0.6266067028045654,0.754443347454071,0.6247646808624268,0.7201293110847473,2.8631591796875,2.8002166748046875,Fixation,1600.9510972764756,1039.515738920732,392.0,20.0,True,35,image,,11.0
3748.0,1600.8531188964844,1047.0654773712158,0.6246063113212585,0.7567082643508911,0.6253332495689392,0.727128803730011,2.861114501953125,2.8202667236328125,Fixation,1600.9510972764756,1039.515738920732,392.0,20.0,True,35,image,,11.0
3752.0,1602.7775573730469,1040.1004028320312,0.6219934821128845,0.7510486245155334,0.6260849833488464,0.7222919464111328,2.8692626953125,2.8243865966796875,Fixation,1600.9510972764756,1039.515738920732,392.0,20.0,True,35,image,,11.0
3756.0,1598.0593872070312,1040.8473873138428,0.6216306090354919,0.7506808042526245,0.6242419481277466,0.722810685634613,2.87249755859375,2.8267059326171875,Fixation,1600.9510972764756,1039.515738920732,392.0,20.0,True,35,image,,11.0
3760.0,1588.4245300292969,1051.79105758667,0.6257639527320862,0.7524155974388123,0.6204783320426941,0.7304104566574097,2.879623413085937,2.828887939453125,Fixation,1600.9510972764756,1039.515738920732,392.0,20.0,True,35,image,,11.0
3764.0,1595.7759094238281,1051.7570686340332,0.6230651140213013,0.7525700330734253,0.6233499646186829,0.7303868532180786,2.8734283447265625,2.81463623046875,Fixation,1600.9510972764756,1039.515738920732,392.0,20.0,True,35,image,,11.0
3768.0,1596.6390991210938,1046.9512367248535,0.622324526309967,0.7529879808425903,0.6236871480941772,0.7270494699478149,2.8765869140625,2.815414428710937,Fixation,1600.9510972764756,1039.515738920732,392.0,20.0,True,35,image,,11.0
3772.0,1600.9547424316406,1040.1154232025146,0.6252509355545044,0.749213457107544,0.6253729462623596,0.7223023772239685,2.8767852783203125,2.8146514892578125,Fixation,1600.9510972764756,1039.515738920732,392.0,20.0,True,35,image,,11.0
3776.0,1598.8626098632812,1041.3470077514648,0.623049259185791,0.7564559578895569,0.6245557069778442,0.7231576442718506,2.88140869140625,2.809066772460937,Fixation,1600.9510972764756,1039.515738920732,392.0,20.0,True,35,image,,11.0
3780.0,1592.0953369140625,1031.0196018218994,0.623437225818634,0.7572389245033264,0.6219122409820557,0.7159858345985413,2.8706512451171875,2.81390380859375,Fixation,1600.9510972764756,1039.515738920732,392.0,20.0,True,35,image,,11.0
3784.0,1594.1529846191406,1039.1683673858643,0.6268827319145203,0.7493337988853455,0.6227160096168518,0.7216446995735168,2.859725952148437,2.8159942626953125,Fixation,1600.9510972764756,1039.515738920732,392.0,20.0,True,35,image,,11.0
3788.0,1596.6107177734375,1040.4786586761475,0.6268409490585327,0.7542244791984558,0.623676061630249,0.722554624080658,2.8704376220703125,2.8040771484375,Fixation,1600.9510972764756,1039.515738920732,392.0,20.0,True,35,image,,11.0
3792.0,1604.3382263183594,1028.9255046844482,0.6210610866546631,0.7515235543251038,0.6266946196556091,0.7145316004753113,2.876739501953125,2.804061889648437,Fixation,1600.9510972764756,1039.515738920732,392.0,20.0,True,35,image,,11.0
3796.0,1594.9038696289062,1044.4104766845703,0.6246662735939026,0.7476882934570312,0.6230093240737915,0.7252850532531738,2.872711181640625,2.802154541015625,Fixation,1600.9510972764756,1039.515738920732,392.0,20.0,True,35,image,,11.0
3800.0,1600.5198669433594,1048.5180759429932,0.6235978603363037,0.7548860907554626,0.6252030730247498,0.7281375527381897,2.881683349609375,2.812850952148437,Fixation,1600.9510972764756,1039.515738920732,392.0,20.0,True,35,image,,11.0
3804.0,1595.7954406738281,1036.2548446655273,0.6244473457336426,0.7524157762527466,0.6233575940132141,0.7196214199066162,2.85504150390625,2.8265380859375,Fixation,1600.9510972764756,1039.515738920732,392.0,20.0,True,35,image,,11.0
3808.0,1610.9347534179688,1036.6543006896973,0.6223322749137878,0.7529373168945312,0.629271388053894,0.7198988199234009,2.8860626220703125,2.798431396484375,Fixation,1600.9510972764756,1039.515738920732,392.0,20.0,True,35,image,,11.0
3812.0,1598.258056640625,1031.0235500335693,0.629948079586029,0.7563174962997437,0.6243195533752441,0.7159885764122009,2.88238525390625,2.8121337890625,Fixation,1600.9510972764756,1039.515738920732,392.0,20.0,True,35,image,,11.0
3816.0,1603.3001708984375,1038.5012912750244,0.6205622553825378,0.7517961263656616,0.6262891292572021,0.7211814522743225,2.8705291748046875,2.80633544921875,Fixation,1600.9510972764756,1039.515738920732,392.0,20.0,True,35,image,,11.0
3820.0,1603.4111022949219,1035.591459274292,0.6233459115028381,0.7520174384117126,0.6263324618339539,0.7191607356071472,2.87701416015625,2.795761108398437,Fixation,1600.9510972764756,1039.515738920732,392.0,20.0,True,35,image,,11.0
3824.0,1595.9934997558594,1051.2953853607178,0.6236945390701294,0.7528328895568848,0.6234349608421326,0.7300662398338318,2.881683349609375,2.8177032470703125,Fixation,1600.9510972764756,1039.515738920732,392.0,20.0,True,35,image,,11.0
3828.0,1604.9357604980469,1052.781286239624,0.6256703734397888,0.7532857656478882,0.6269280314445496,0.7310981154441833,2.8763580322265625,2.8252716064453125,Fixation,1600.9510972764756,1039.515738920732,392.0,20.0,True,35,image,,11.0
3832.0,1604.9053955078125,1038.5384559631348,0.6221659183502197,0.7466580867767334,0.6269161701202393,0.7212072610855103,2.902496337890625,2.804779052734375,Fixation,1600.9510972764756,1039.515738920732,392.0,20.0,True,35,image,,11.0
3836.0,1610.2943420410156,1035.7876682281494,0.624016284942627,0.7501777410507202,0.6290212273597717,0.7192969918251038,2.872665405273437,2.8065948486328125,Fixation,1600.9510972764756,1039.515738920732,392.0,20.0,True,35,image,,11.0
3840.0,1599.9821472167969,1040.6275749206543,0.6204248666763306,0.7503060698509216,0.6249930262565613,0.7226580381393433,2.8828277587890625,2.824081420898437,Fixation,1600.9510972764756,1039.515738920732,392.0,20.0,True,35,image,,11.0
3844.0,1609.7274780273438,1040.1613426208496,0.6255934238433838,0.7517737150192261,0.6287997961044312,0.7223342657089233,2.858428955078125,2.8126220703125,Fixation,1600.9510972764756,1039.515738920732,392.0,20.0,True,35,image,,11.0
3848.0,1607.8311157226562,1041.215000152588,0.6201507449150085,0.7544277310371399,0.6280590295791626,0.723065972328186,2.876708984375,2.8144683837890625,Fixation,1600.9510972764756,1039.515738920732,392.0,20.0,True,35,image,,11.0
3852.0,1609.4291687011719,1036.7682838439941,0.6240466833114624,0.7587487101554871,0.6286832690238953,0.7199779748916626,2.858154296875,2.8086395263671875,Fixation,1600.9510972764756,1039.515738920732,392.0,20.0,True,35,image,,11.0
3856.0,1608.5659790039062,1047.9614639282227,0.6200302839279175,0.7515484690666199,0.6283460855484009,0.7277510166168213,2.89471435546875,2.825042724609375,Fixation,1600.9510972764756,1039.515738920732,392.0,20.0,True,35,image,,11.0
3860.0,1597.7685546875,1051.0778045654297,0.6210585236549377,0.7568150758743286,0.6241283416748047,0.7299151420593262,2.881088256835937,2.8351593017578125,Fixation,1600.9510972764756,1039.515738920732,392.0,20.0,True,35,image,,11.0
3864.0,1601.9189453125,1045.114803314209,0.623306393623352,0.7520609498023987,0.6257495880126953,0.7257741689682007,2.87945556640625,2.815673828125,Fixation,1600.9510972764756,1039.515738920732,392.0,20.0,True,35,image,,11.0
3868.0,1596.5794372558594,1041.0335540771484,0.620613157749176,0.746229887008667,0.6236638426780701,0.7229399681091309,2.8791961669921875,2.836456298828125,Fixation,1600.9510972764756,1039.515738920732,392.0,20.0,True,35,image,,11.0
3872.0,1597.447509765625,1042.8487873077393,0.6201838850975037,0.753840446472168,0.6240029335021973,0.7242005467414856,2.875961303710937,2.844589233398437,Fixation,1600.9510972764756,1039.515738920732,392.0,20.0,True,35,image,,11.0
3876.0,1604.0666198730469,1043.8606452941895,0.6205511093139648,0.7527263760566711,0.6265885233879089,0.7249032258987427,2.87762451171875,2.825057983398437,Fixation,1600.9510972764756,1039.515738920732,392.0,20.0,True,35,image,,11.0
3880.0,1601.4970397949219,1040.0633239746094,0.6254038214683533,0.7500011324882507,0.6255847811698914,0.7222661972045898,2.8655242919921875,2.828094482421875,Fixation,1600.9510972764756,1039.515738920732,392.0,20.0,True,35,image,,11.0
3884.0,1598.94775390625,1050.18310546875,0.6226004958152771,0.7525100111961365,0.6245889663696289,0.7292938232421875,2.8610992431640625,2.827499389648437,Fixation,1600.9510972764756,1039.515738920732,392.0,20.0,True,35,image,,11.0
3888.0,1595.9153747558594,1049.9847507476807,0.6233157515525818,0.75724196434021,0.6234044432640076,0.7291560769081116,2.8705291748046875,2.8246612548828125,Fixation,1600.9510972764756,1039.515738920732,392.0,20.0,True,35,image,,11.0
3892.0,1599.752197265625,1045.9637546539307,0.6233644485473633,0.74660724401474,0.6249032020568848,0.7263637185096741,2.880233764648437,2.828353881835937,Fixation,1600.9510972764756,1039.515738920732,392.0,20.0,True,35,image,,11.0
3896.0,1600.9523010253906,1055.0650691986084,0.6239023208618164,0.7460718750953674,0.6253719925880432,0.7326840758323669,2.862213134765625,2.8472137451171875,Fixation,1600.9510972764756,1039.515738920732,392.0,20.0,True,35,image,,11.0
3900.0,1596.7701721191406,1039.789867401123,0.6241299510002136,0.7486631274223328,0.6237383484840393,0.7220762968063354,2.8569488525390625,2.8396148681640625,Fixation,1600.9510972764756,1039.515738920732,392.0,20.0,True,35,image,,11.0
3904.0,1595.7546997070312,1052.9702854156494,0.6238964796066284,0.7527417540550232,0.6233416795730591,0.7312293648719788,2.8755645751953125,2.825912475585937,Fixation,1600.9510972764756,1039.515738920732,392.0,20.0,True,35,image,,11.0
3908.0,1602.8120422363281,1042.0189762115479,0.6252169609069824,0.755197286605835,0.6260984539985657,0.7236242890357971,2.8773651123046875,2.8301544189453125,Fixation,1600.9510972764756,1039.515738920732,392.0,20.0,True,35,image,,11.0
3912.0,1597.9684448242188,1049.0709972381592,0.6249010562896729,0.7498030066490173,0.6242064237594604,0.7285215258598328,2.879180908203125,2.82635498046875,Fixation,1600.9510972764756,1039.515738920732,392.0,20.0,True,35,image,,11.0
3916.0,1602.6832580566406,1046.769790649414,0.6198755502700806,0.7537232041358948,0.6260481476783752,0.7269234657287598,2.876556396484375,2.8427886962890625,Fixation,1600.9510972764756,1039.515738920732,392.0,20.0,True,35,image,,11.0
3920.0,1593.0915832519531,1055.115795135498,0.6222156882286072,0.752292811870575,0.6223013997077942,0.7327193021774292,2.87109375,2.830917358398437,Fixation,1600.9510972764756,1039.515738920732,392.0,20.0,True,35,image,,11.0
3924.0,1605.2328491210938,1045.8360385894775,0.6251115798950195,0.7484404444694519,0.6270440816879272,0.7262750267982483,2.87567138671875,2.824188232421875,Fixation,1600.9510972764756,1039.515738920732,392.0,20.0,True,35,image,,11.0
3928.0,1591.8048095703125,1051.1914443969727,0.6206564903259277,0.7589497566223145,0.6217987537384033,0.7299940586090088,2.895492553710937,2.8408660888671875,Fixation,1600.9510972764756,1039.515738920732,392.0,20.0,True,35,image,,11.0
3932.0,1607.7804565429688,1050.4078960418701,0.6256852149963379,0.7586147785186768,0.6280392408370972,0.7294499278068542,2.8661041259765625,2.840850830078125,Fixation,1600.9510972764756,1039.515738920732,392.0,20.0,True,35,image,,11.0
3936.0,1657.5325012207031,1065.295057296753,0.6408316493034363,0.7595593929290771,0.6474736332893372,0.7397882342338562,2.8848876953125,2.845703125,Fixation,1600.9510972764756,1039.515738920732,392.0,20.0,True,35,image,,11.0
3940.0,1721.7831420898438,1068.4032440185547,0.6654521226882935,0.7555288672447205,0.6725715398788452,0.7419466972351074,2.8856201171875,2.8422393798828125,Saccade,,,,0.0,False,36,,,
3944.0,1781.3761901855469,1080.3081321716309,0.6870389580726624,0.7599440813064575,0.6958500742912292,0.7502139806747437,2.890731811523437,2.830413818359375,Saccade,,,,0.0,False,36,,,
3948.0,1816.2197875976562,1071.3781356811523,0.7007628083229065,0.7632546424865723,0.7094608545303345,0.7440125942230225,2.86883544921875,2.8367919921875,Saccade,,,,0.0,False,36,,,
3952.0,1812.9283142089844,1068.4798049926758,0.707636296749115,0.7660504579544067,0.7081751227378845,0.7419998645782471,2.8838653564453125,2.824249267578125,Saccade,,,,0.0,False,36,,,
3956.0,1802.4191284179688,1053.8991451263428,0.7056023478507996,0.7601296901702881,0.704069972038269,0.731874406337738,2.8991241455078125,2.831268310546875,Saccade,,,,0.0,False,36,,,
3960.0,1794.6807861328125,1051.4462757110596,0.7021142244338989,0.7619762420654297,0.7010471820831299,0.7301710247993469,2.881011962890625,2.82025146484375,Saccade,,,,0.0,False,36,,,
3964.0,1790.0996398925781,1063.2099723815918,0.697231650352478,0.7582932114601135,0.6992576718330383,0.7383402585983276,2.8910064697265625,2.836761474609375,Saccade,,,,0.0,False,36,,,
3968.0,1785.9146118164062,1060.1450443267822,0.6989034414291382,0.7627298831939697,0.6976228952407837,0.7362118363380432,2.8730621337890625,2.8368377685546875,Saccade,,,,0.0,False,36,,,
3972.0,1799.8941040039062,1045.2806282043457,0.702459990978241,0.7666186094284058,0.7030836343765259,0.7258893251419067,2.88177490234375,2.8190460205078125,Fixation,1793.1043815612793,1059.8470759391785,188.0,21.0,True,37,word,kite.,10.0
3976.0,1794.9391174316406,1058.4609603881836,0.7000682950019836,0.7614566087722778,0.7011480927467346,0.7350423336029053,2.876327514648437,2.8280487060546875,Fixation,1793.1043815612793,1059.8470759391785,188.0,21.0,True,37,word,kite.,10.0
3980.0,1799.3966674804688,1058.10622215271,0.7042204141616821,0.7595678567886353,0.7028893232345581,0.7347959876060486,2.8646240234375,2.8272705078125,Fixation,1793.1043815612793,1059.8470759391785,188.0,21.0,True,37,word,kite.,10.0
3984.0,1800.6828308105469,1064.0741157531738,0.7053954601287842,0.7590570449829102,0.7033917307853699,0.7389403581619263,2.873809814453125,2.84112548828125,Fixation,1793.1043815612793,1059.8470759391785,188.0,21.0,True,37,word,kite.,10.0
3988.0,1807.6344299316406,1051.4873886108398,0.702389657497406,0.7583103775978088,0.7061071991920471,0.7301995754241943,2.879257202148437,2.8405303955078125,Fixation,1793.1043815612793,1059.8470759391785,188.0,21.0,True,37,word,kite.,10.0
3992.0,1794.698486328125,1050.0946140289307,0.7063058018684387,0.7613991498947144,0.7010540962219238,0.7292323708534241,2.877685546875,2.836700439453125,Fixation,1793.1043815612793,1059.8470759391785,188.0,21.0,True,37,word,kite.,10.0
3996.0,1793.8908386230469,1059.887981414795,0.7007172107696533,0.7616552114486694,0.7007386088371277,0.7360333204269409,2.8528289794921875,2.81842041015625,Fixation,1793.1043815612793,1059.8470759391785,188.0,21.0,True,37,word,kite.,10.0
4000.0,1791.9627380371094,1068.7288856506348,0.7030496597290039,0.7652490735054016,0.6999854445457458,0.7421728372573853,2.861968994140625,2.826690673828125,Fixation,1793.1043815612793,1059.8470759391785,188.0,21.0,True,37,word,kite.,10.0
4004.0,1793.4823608398438,1055.1570796966553,0.7046920657157898,0.76448655128479,0.700579047203064,0.7327479720115662,2.8573760986328125,2.83941650390625,Fixation,1793.1043815612793,1059.8470759391785,188.0,21.0,True,37,word,kite.,10.0
4008.0,1792.5119018554688,1058.0758380889893,0.7070621848106384,0.7623826265335083,0.7001999616622925,0.7347748875617981,2.859344482421875,2.834564208984375,Fixation,1793.1043815612793,1059.8470759391785,188.0,21.0,True,37,word,kite.,10.0
4012.0,1802.9060363769531,1059.1601371765137,0.7002784609794617,0.7610202431678772,0.7042601704597473,0.7355278730392456,2.8736724853515625,2.8202362060546875,Fixation,1793.1043815612793,1059.8470759391785,188.0,21.0,True,37,word,kite.,10.0
4016.0,1787.1324157714844,1058.03635597229,0.7040067315101624,0.7613692283630371,0.6980985999107361,0.7347474694252014,2.8569793701171875,2.8214111328125,Fixation,1793.1043815612793,1059.8470759391785,188.0,21.0,True,37,word,kite.,10.0
4020.0,1791.56494140625,1054.4948101043701,0.7025655508041382,0.7635439038276672,0.6998300552368164,0.7322880625724792,2.8609161376953125,2.82098388671875,Fixation,1793.1043815612793,1059.8470759391785,188.0,21.0,True,37,word,kite.,10.0
4024.0,1785.5276489257812,1063.9165306091309,0.701382577419281,0.7638046145439148,0.6974717378616333,0.7388309240341187,2.880767822265625,2.831649780273437,Fixation,1793.1043815612793,1059.8470759391785,188.0,21.0,True,37,word,kite.,10.0
4028.0,1795.5528259277344,1050.6468486785889,0.7075061798095703,0.7690969705581665,0.7013878226280212,0.7296158671379089,2.8762359619140625,2.823577880859375,Fixation,1793.1043815612793,1059.8470759391785,188.0,21.0,True,37,word,kite.,10.0
4032.0,1788.916015625,1065.2535152435303,0.7053917050361633,0.7665399312973022,0.6987953186035156,0.7397593855857849,2.8556060791015625,2.8179931640625,Fixation,1793.1043815612793,1059.8470759391785,188.0,21.0,True,37,word,kite.,10.0
4036.0,1792.7326965332031,1063.0601978302002,0.7026723027229309,0.766153872013092,0.7002862095832825,0.7382362484931946,2.87078857421875,2.823822021484375,Fixation,1793.1043815612793,1059.8470759391785,188.0,21.0,True,37,word,kite.,10.0
4040.0,1793.3308410644531,1054.0017986297607,0.703927755355835,0.7637351751327515,0.700519859790802,0.7319456934928894,2.869140625,2.79583740234375,Fixation,1793.1043815612793,1059.8470759391785,188.0,21.0,True,37,word,kite.,10.0
4044.0,1792.3062133789062,1063.1514358520508,0.7029228806495667,0.7612144947052002,0.7001196146011353,0.7382996082305908,2.8751373291015625,2.82061767578125,Fixation,1793.1043815612793,1059.8470759391785,188.0,21.0,True,37,word,kite.,10.0
4048.0,1806.4122009277344,1067.8244018554688,0.6995740532875061,0.7615269422531128,0.7056297659873962,0.7415447235107422,2.86224365234375,2.816879272460937,Fixation,1793.1043815612793,1059.8470759391785,188.0,21.0,True,37,word,kite.,10.0
4052.0,1804.6481323242188,1064.534683227539,0.7029002904891968,0.7624932527542114,0.704940676689148,0.739260196685791,2.84979248046875,2.827667236328125,Fixation,1793.1043815612793,1059.8470759391785,188.0,21.0,True,37,word,kite.,10.0
4056.0,1788.3160400390625,1059.9588775634766,0.7030128240585327,0.7651513814926147,0.6985609531402588,0.7360825538635254,2.8615875244140625,2.811279296875,Fixation,1793.1043815612793,1059.8470759391785,188.0,21.0,True,37,word,kite.,10.0
4060.0,1795.4449462890625,1065.5025100708008,0.7016547918319702,0.7628175020217896,0.701345682144165,0.7399322986602783,2.85595703125,2.817352294921875,Fixation,1793.1043815612793,1059.8470759391785,188.0,21.0,True,37,word,kite.,10.0
4064.0,1795.5389404296875,1054.9202728271484,0.7001419067382812,0.7690945863723755,0.7013823986053467,0.7325835227966309,2.8519439697265625,2.8153839111328125,Fixation,1793.1043815612793,1059.8470759391785,188.0,21.0,True,37,word,kite.,10.0
4068.0,1797.7313232421875,1053.4340286254883,0.7027156352996826,0.7650521397590637,0.7022387981414795,0.7315514087677002,2.84295654296875,2.8145751953125,Fixation,1793.1043815612793,1059.8470759391785,188.0,21.0,True,37,word,kite.,10.0
4072.0,1796.7263793945312,1067.0807647705078,0.6987885236740112,0.7563212513923645,0.7018462419509888,0.7410283088684082,2.8585357666015625,2.814849853515625,Fixation,1793.1043815612793,1059.8470759391785,188.0,21.0,True,37,word,kite.,10.0
4076.0,1788.7210083007812,1061.34126663208,0.699571967124939,0.7698944211006165,0.6987191438674927,0.7370425462722778,2.8610076904296875,2.828765869140625,Fixation,1793.1043815612793,1059.8470759391785,188.0,21.0,True,37,word,kite.,10.0
4080.0,1795.3439331054688,1064.6018886566162,0.7038264274597168,0.7598733305931091,0.7013062238693237,0.7393068671226501,2.8413238525390625,2.809555053710937,Fixation,1793.1043815612793,1059.8470759391785,188.0,21.0,True,37,word,kite.,10.0
4084.0,1801.7678833007812,1063.0064678192139,0.6992553472518921,0.7696142196655273,0.7038155794143677,0.7381989359855652,2.86932373046875,2.8037872314453125,Fixation,1793.1043815612793,1059.8470759391785,188.0,21.0,True,37,word,kite.,10.0
4088.0,1791.2272644042969,1061.1774158477783,0.6998736262321472,0.7676416039466858,0.6996981501579285,0.7369287610054016,2.859649658203125,2.811492919921875,Fixation,1793.1043815612793,1059.8470759391785,188.0,21.0,True,37,word,kite.,10.0
4092.0,1789.9221801757812,1057.344045639038,0.7016172409057617,0.7601423263549805,0.6991883516311646,0.7342666983604431,2.846771240234375,2.8000946044921875,Fixation,1793.1043815612793,1059.8470759391785,188.0,21.0,True,37,word,kite.,10.0
4096.0,1792.6414489746094,1064.4859313964844,0.7026145458221436,0.7650719285011292,0.7002505660057068,0.7392263412475586,2.8462371826171875,2.8147735595703125,Fixation,1793.1043815612793,1059.8470759391785,188.0,21.0,True,37,word,kite.,10.0
4100.0,1806.2930297851562,1065.624647140503,0.7019169330596924,0.764866054058075,0.7055832147598267,0.7400171160697937,2.853790283203125,2.81231689453125,Fixation,1793.1043815612793,1059.8470759391785,188.0,21.0,True,37,word,kite.,10.0
4104.0,1799.5401000976562,1061.348476409912,0.7062936425209045,0.7587687969207764,0.702945351600647,0.737047553062439,2.8399658203125,2.7926483154296875,Fixation,1793.1043815612793,1059.8470759391785,188.0,21.0,True,37,word,kite.,10.0
4108.0,1803.3377075195312,1048.6587524414062,0.7004592418670654,0.7642906308174133,0.7044287919998169,0.7282352447509766,2.8546600341796875,2.8053741455078125,Fixation,1793.1043815612793,1059.8470759391785,188.0,21.0,True,37,word,kite.,10.0
4112.0,1802.5871276855469,1058.953628540039,0.6986412405967712,0.7613580822944641,0.7041355967521667,0.735384464263916,2.862274169921875,2.808837890625,Fixation,1793.1043815612793,1059.8470759391785,188.0,21.0,True,37,word,kite.,10.0
4116.0,1796.5303039550781,1058.5597515106201,0.7010616064071655,0.763425886631012,0.7017696499824524,0.7351109385490417,2.8442535400390625,2.7987213134765625,Fixation,1793.1043815612793,1059.8470759391785,188.0,21.0,True,37,word,kite.,10.0
4120.0,1794.9443054199219,1061.2598991394043,0.7064343094825745,0.7582244873046875,0.701150119304657,0.7369860410690308,2.8536834716796875,2.8055877685546875,Fixation,1793.1043815612793,1059.8470759391785,188.0,21.0,True,37,word,kite.,10.0
4124.0,1792.2807312011719,1066.201343536377,0.7063717842102051,0.7627384066581726,0.7001096606254578,0.7404175996780396,2.8485870361328125,2.797637939453125,Fixation,1793.1043815612793,1059.8470759391785,188.0,21.0,True,37,word,kite.,10.0
4128.0,1799.3724060058594,1052.8280639648438,0.7053722143173218,0.7685044407844543,0.7028798460960388,0.7311305999755859,2.8508453369140625,2.8142852783203125,Fixation,1793.1043815612793,1059.8470759391785,188.0,21.0,True,37,word,kite.,10.0
4132.0,1800.7017517089844,1059.3839836120605,0.7044457793235779,0.7672604918479919,0.703399121761322,0.7356833219528198,2.840179443359375,2.7936553955078125,Fixation,1793.1043815612793,1059.8470759391785,188.0,21.0,True,37,word,kite.,10.0
4136.0,1790.9115600585938,1058.5785484313965,0.7033877372741699,0.7617413401603699,0.6995748281478882,0.7351239919662476,2.8483123779296875,2.7964630126953125,Fixation,1793.1043815612793,1059.8470759391785,188.0,21.0,True,37,word,kite.,10.0
4140.0,1781.2724304199219,1059.9208545684814,0.7056139707565308,0.7587956786155701,0.695809543132782,0.7360561490058899,2.834823608398437,2.8061676025390625,Fixation,1793.1043815612793,1059.8470759391785,188.0,21.0,True,37,word,kite.,10.0
4144.0,1798.5031127929688,1065.2456188201904,0.7061423063278198,0.7598890662193298,0.7025402784347534,0.7397539019584656,2.8462371826171875,2.7990264892578125,Fixation,1793.1043815612793,1059.8470759391785,188.0,21.0,True,37,word,kite.,10.0
4148.0,1799.1377258300781,1054.7247505187988,0.7033686637878418,0.7619661092758179,0.7027881741523743,0.7324477434158325,2.850616455078125,2.7985382080078125,Fixation,1793.1043815612793,1059.8470759391785,188.0,21.0,True,37,word,kite.,10.0
4152.0,1783.2435607910156,1070.2845668792725,0.6984728574752808,0.7632760405540466,0.6965795159339905,0.7432531714439392,2.8415069580078125,2.8053741455078125,Fixation,1793.1043815612793,1059.8470759391785,188.0,21.0,True,37,word,kite.,10.0
4156.0,1763.1295776367188,1063.7185192108154,0.6851131319999695,0.7663912177085876,0.6887224912643433,0.7386934161186218,2.85321044921875,2.7940826416015625,Fixation,1793.1043815612793,1059.8470759391785,188.0,21.0,True,37,word,kite.,10.0
4160.0,1713.7200927734375,1061.0803413391113,0.6619829535484314,0.7654165625572205,0.669421911239624,0.7368613481521606,2.85528564453125,2.80596923828125,Fixation,1793.1043815612793,1059.8470759391785,188.0,21.0,True,37,word,kite.,10.0
4164.0,1683.2962036132812,1050.7080459594727,0.6468340158462524,0.7563707828521729,0.657537579536438,0.7296583652496338,2.8332977294921875,2.8054962158203125,Fixation,1692.710614671894,1057.4601333281573,404.0,22.0,True,38,word,his,9.0
4168.0,1665.5601501464844,1066.2589359283447,0.6412836909294128,0.7517600059509277,0.6506094336509705,0.7404575943946838,2.841461181640625,2.8050689697265625,Fixation,1692.710614671894,1057.4601333281573,404.0,22.0,True,38,word,his,9.0
4172.0,1675.5392456054688,1054.2125129699707,0.6531988382339478,0.7593095898628235,0.6545075178146362,0.732092022895813,2.8349151611328125,2.82183837890625,Fixation,1692.710614671894,1057.4601333281573,404.0,22.0,True,38,word,his,9.0
4176.0,1689.8271179199219,1063.4579372406006,0.6563743948936462,0.7612313628196716,0.6600887179374695,0.7385124564170837,2.830917358398437,2.8141632080078125,Fixation,1692.710614671894,1057.4601333281573,404.0,22.0,True,38,word,his,9.0
4180.0,1695.3721618652344,1051.2643146514893,0.6586195826530457,0.7544601559638977,0.6622547507286072,0.7300446629524231,2.83056640625,2.791488647460937,Fixation,1692.710614671894,1057.4601333281573,404.0,22.0,True,38,word,his,9.0
4184.0,1680.40771484375,1053.775978088379,0.6557605266571045,0.7591062784194946,0.6564092636108398,0.7317888736724854,2.8419647216796875,2.807586669921875,Fixation,1692.710614671894,1057.4601333281573,404.0,22.0,True,38,word,his,9.0
4188.0,1679.4204711914062,1063.3270454406738,0.6547012329101562,0.756960391998291,0.6560236215591431,0.7384215593338013,2.8290557861328125,2.8007965087890625,Fixation,1692.710614671894,1057.4601333281573,404.0,22.0,True,38,word,his,9.0
4192.0,1672.7337646484375,1054.235258102417,0.6582662463188171,0.762161135673523,0.6534116268157959,0.7321078181266785,2.822616577148437,2.8161773681640625,Fixation,1692.710614671894,1057.4601333281573,404.0,22.0,True,38,word,his,9.0
4196.0,1675.02685546875,1057.2872257232666,0.65302574634552,0.7653947472572327,0.6543073654174805,0.7342272400856018,2.834457397460937,2.800155639648437,Fixation,1692.710614671894,1057.4601333281573,404.0,22.0,True,38,word,his,9.0
4200.0,1668.4780883789062,1067.5863933563232,0.6548349857330322,0.7617685794830322,0.6517492532730103,0.74137943983078,2.8305816650390625,2.8081817626953125,Fixation,1692.710614671894,1057.4601333281573,404.0,22.0,True,38,word,his,9.0
4204.0,1678.9944458007812,1069.996862411499,0.6546410918235779,0.7615418434143066,0.6558572053909302,0.7430533766746521,2.825592041015625,2.81561279296875,Fixation,1692.710614671894,1057.4601333281573,404.0,22.0,True,38,word,his,9.0
4208.0,1670.4252624511719,1064.5354557037354,0.6559982895851135,0.750689685344696,0.652509868144989,0.739260733127594,2.830535888671875,2.812713623046875,Fixation,1692.710614671894,1057.4601333281573,404.0,22.0,True,38,word,his,9.0
4212.0,1673.0270385742188,1050.7555961608887,0.6554846167564392,0.7533330321311951,0.6535261869430542,0.7296913862228394,2.8394012451171875,2.7885894775390625,Fixation,1692.710614671894,1057.4601333281573,404.0,22.0,True,38,word,his,9.0
4216.0,1673.45947265625,1058.7951850891113,0.6547351479530334,0.7566601037979126,0.6536951065063477,0.7352744340896606,2.825958251953125,2.816070556640625,Fixation,1692.710614671894,1057.4601333281573,404.0,22.0,True,38,word,his,9.0
4220.0,1670.7125854492188,1070.1898956298828,0.6572273373603821,0.7641092538833618,0.6526221036911011,0.743187427520752,2.827987670898437,2.8188018798828125,Fixation,1692.710614671894,1057.4601333281573,404.0,22.0,True,38,word,his,9.0
4224.0,1668.0024719238281,1058.215913772583,0.654506504535675,0.7599412798881531,0.6515634655952454,0.7348721623420715,2.833892822265625,2.817901611328125,Fixation,1692.710614671894,1057.4601333281573,404.0,22.0,True,38,word,his,9.0
4228.0,1665.46630859375,1063.2324600219727,0.6521791815757751,0.7683740258216858,0.6505727767944336,0.7383558750152588,2.8252105712890625,2.82049560546875,Fixation,1692.710614671894,1057.4601333281573,404.0,22.0,True,38,word,his,9.0
4232.0,1664.0252685546875,1047.0380973815918,0.6568186283111572,0.7549727559089661,0.6500098705291748,0.7271097898483276,2.841903686523437,2.815780639648437,Fixation,1692.710614671894,1057.4601333281573,404.0,22.0,True,38,word,his,9.0
4236.0,1677.4554443359375,1065.1712894439697,0.6528860330581665,0.7608668208122253,0.6552560329437256,0.7397022843360901,2.8411865234375,2.8046112060546875,Fixation,1692.710614671894,1057.4601333281573,404.0,22.0,True,38,word,his,9.0
4240.0,1675.9565734863281,1061.410789489746,0.6523371338844299,0.7663154006004333,0.6546705365180969,0.7370908260345459,2.839584350585937,2.80279541015625,Fixation,1692.710614671894,1057.4601333281573,404.0,22.0,True,38,word,his,9.0
4244.0,1680.21728515625,1062.292184829712,0.6541551351547241,0.7676345705986023,0.6563348770141602,0.7377029061317444,2.832015991210937,2.7993927001953125,Fixation,1692.710614671894,1057.4601333281573,404.0,22.0,True,38,word,his,9.0
4248.0,1679.0266418457031,1054.804916381836,0.653928279876709,0.7662169337272644,0.6558697819709778,0.7325034141540527,2.8308258056640625,2.8132476806640625,Fixation,1692.710614671894,1057.4601333281573,404.0,22.0,True,38,word,his,9.0
4252.0,1677.6568603515625,1052.336769104004,0.6548770666122437,0.7663600444793701,0.6553347110748291,0.7307894229888916,2.8370513916015625,2.8059234619140625,Fixation,1692.710614671894,1057.4601333281573,404.0,22.0,True,38,word,his,9.0
4256.0,1657.7412414550781,1067.0908069610596,0.654999852180481,0.7613883018493652,0.6475551724433899,0.7410352826118469,2.836700439453125,2.8323974609375,Fixation,1692.710614671894,1057.4601333281573,404.0,22.0,True,38,word,his,9.0
4260.0,1668.7110900878906,1062.982177734375,0.6548765301704407,0.7603906393051147,0.6518402695655823,0.7381820678710938,2.85040283203125,2.81890869140625,Fixation,1692.710614671894,1057.4601333281573,404.0,22.0,True,38,word,his,9.0
4264.0,1672.4519348144531,1060.576171875,0.6508334279060364,0.765522837638855,0.6533015370368958,0.73651123046875,2.8488311767578125,2.811264038085937,Fixation,1692.710614671894,1057.4601333281573,404.0,22.0,True,38,word,his,9.0
4268.0,1668.0258178710938,1051.3823318481445,0.6578181982040405,0.760637640953064,0.651572585105896,0.7301266193389893,2.842987060546875,2.8083953857421875,Fixation,1692.710614671894,1057.4601333281573,404.0,22.0,True,38,word,his,9.0
4272.0,1665.5308532714844,1056.7552471160889,0.6557907462120056,0.7592703104019165,0.6505979895591736,0.7338578104972839,2.8488006591796875,2.809799194335937,Fixation,1692.710614671894,1057.4601333281573,404.0,22.0,True,38,word,his,9.0
4276.0,1677.4687194824219,1055.9834575653076,0.6532118916511536,0.7642179131507874,0.655261218547821,0.7333218455314636,2.8455963134765625,2.7997283935546875,Fixation,1692.710614671894,1057.4601333281573,404.0,22.0,True,38,word,his,9.0
4280.0,1673.2557678222656,1051.8942260742188,0.6548948287963867,0.7573390007019043,0.6536155343055725,0.7304821014404297,2.832504272460937,2.82574462890625,Fixation,1692.710614671894,1057.4601333281573,404.0,22.0,True,38,word,his,9.0
4284.0,1688.95751953125,1039.5909118652344,0.6548644304275513,0.764100968837738,0.6597490310668945,0.7219381332397461,2.8446807861328125,2.796173095703125,Fixation,1692.710614671894,1057.4601333281573,404.0,22.0,True,38,word,his,9.0
4288.0,1678.4060668945312,1049.7487163543701,0.6562780141830444,0.7672995328903198,0.6556273698806763,0.7289921641349792,2.85076904296875,2.8067626953125,Fixation,1692.710614671894,1057.4601333281573,404.0,22.0,True,38,word,his,9.0
4292.0,1675.6094360351562,1059.1597080230713,0.6585010290145874,0.7578136920928955,0.6545349359512329,0.7355275750160217,2.8292236328125,2.805419921875,Fixation,1692.710614671894,1057.4601333281573,404.0,22.0,True,38,word,his,9.0
4296.0,1667.3939514160156,1058.6178588867188,0.6575353145599365,0.7601808309555054,0.6513257622718811,0.7351512908935547,2.8358917236328125,2.8302001953125,Fixation,1692.710614671894,1057.4601333281573,404.0,22.0,True,38,word,his,9.0
4300.0,1668.8810729980469,1072.9626560211182,0.6540732383728027,0.7684652209281921,0.6519066691398621,0.745112955570221,2.8627166748046875,2.830902099609375,Fixation,1692.710614671894,1057.4601333281573,404.0,22.0,True,38,word,his,9.0
4304.0,1692.3629760742188,1038.8017845153809,0.6523251533508301,0.764220654964447,0.6610792875289917,0.7213901281356812,2.859893798828125,2.796844482421875,Fixation,1692.710614671894,1057.4601333281573,404.0,22.0,True,38,word,his,9.0
4308.0,1670.2647399902344,1063.670711517334,0.6526077389717102,0.7631296515464783,0.6524471640586853,0.7386602163314819,2.846710205078125,2.8067626953125,Fixation,1692.710614671894,1057.4601333281573,404.0,22.0,True,38,word,his,9.0
4312.0,1671.5496826171875,1062.3550987243652,0.6526907682418823,0.7639035582542419,0.6529490947723389,0.7377465963363647,2.850692749023437,2.828475952148437,Fixation,1692.710614671894,1057.4601333281573,404.0,22.0,True,38,word,his,9.0
4316.0,1670.9381103515625,1060.4557514190674,0.659699022769928,0.7662097811698914,0.6527101993560791,0.7364276051521301,2.857162475585937,2.836578369140625,Fixation,1692.710614671894,1057.4601333281573,404.0,22.0,True,38,word,his,9.0
4320.0,1681.0511779785156,1058.4015655517578,0.6567549705505371,0.7636793255805969,0.6566606163978577,0.7350010871887207,2.8561553955078125,2.8144989013671875,Fixation,1692.710614671894,1057.4601333281573,404.0,22.0,True,38,word,his,9.0
4324.0,1670.7832336425781,1065.4217433929443,0.6553279757499695,0.768848180770874,0.6526497006416321,0.7398762106895447,2.8490753173828125,2.816558837890625,Fixation,1692.710614671894,1057.4601333281573,404.0,22.0,True,38,word,his,9.0
4328.0,1667.1928405761719,1061.1937236785889,0.6517922878265381,0.7643610835075378,0.6512472033500671,0.7369400858879089,2.8553009033203125,2.8279571533203125,Fixation,1692.710614671894,1057.4601333281573,404.0,22.0,True,38,word,his,9.0
4332.0,1674.89990234375,1049.9537658691406,0.6490423679351807,0.7654542922973633,0.6542577743530273,0.7291345596313477,2.8649139404296875,2.82470703125,Fixation,1692.710614671894,1057.4601333281573,404.0,22.0,True,38,word,his,9.0
4336.0,1663.41064453125,1067.3738765716553,0.6520996689796448,0.76949143409729,0.6497697830200195,0.7412318587303162,2.848358154296875,2.834808349609375,Fixation,1692.710614671894,1057.4601333281573,404.0,22.0,True,38,word,his,9.0
4340.0,1659.4967651367188,1071.6052436828613,0.6536831855773926,0.7664624452590942,0.6482409238815308,0.7441703081130981,2.845458984375,2.835235595703125,Fixation,1692.710614671894,1057.4601333281573,404.0,22.0,True,38,word,his,9.0
4344.0,1682.2575378417969,1050.6203269958496,0.6506311893463135,0.765436589717865,0.6571318507194519,0.7295974493026733,2.850555419921875,2.818267822265625,Fixation,1692.710614671894,1057.4601333281573,404.0,22.0,True,38,word,his,9.0
4348.0,1682.0301818847656,1061.3323402404785,0.6527456045150757,0.7704464793205261,0.6570430397987366,0.7370363473892212,2.860946655273437,2.822021484375,Fixation,1692.710614671894,1057.4601333281573,404.0,22.0,True,38,word,his,9.0
4352.0,1676.7341613769531,1058.349208831787,0.655064582824707,0.7680352330207825,0.6549742817878723,0.7349647283554077,2.8590087890625,2.822479248046875,Fixation,1692.710614671894,1057.4601333281573,404.0,22.0,True,38,word,his,9.0
4356.0,1675.8509826660156,1062.4803256988525,0.6550590991973877,0.7713982462882996,0.6546292901039124,0.737833559513092,2.849105834960937,2.8246612548828125,Fixation,1692.710614671894,1057.4601333281573,404.0,22.0,True,38,word,his,9.0
4360.0,1672.0829772949219,1070.687198638916,0.6537418365478516,0.772209882736206,0.6531574130058289,0.7435327768325806,2.8467254638671875,2.824935913085937,Fixation,1692.710614671894,1057.4601333281573,404.0,22.0,True,38,word,his,9.0
4364.0,1693.3525085449219,1058.578119277954,0.6579093337059021,0.7650274634361267,0.6614658236503601,0.7351236939430237,2.8544158935546875,2.816390991210937,Fixation,1692.710614671894,1057.4601333281573,404.0,22.0,True,38,word,his,9.0
4368.0,1673.9305114746094,1057.4882411956787,0.6559740900993347,0.7681686282157898,0.6538791060447693,0.7343668341636658,2.8550567626953125,2.82696533203125,Fixation,1692.710614671894,1057.4601333281573,404.0,22.0,True,38,word,his,9.0
4372.0,1675.8140563964844,1070.9315586090088,0.6525236368179321,0.7687997817993164,0.6546148657798767,0.7437024712562561,2.857635498046875,2.8128204345703125,Fixation,1692.710614671894,1057.4601333281573,404.0,22.0,True,38,word,his,9.0
4376.0,1675.2409362792969,1060.7601070404053,0.6609650254249573,0.771856427192688,0.6543909907341003,0.7366389632225037,2.8300933837890625,2.8233184814453125,Fixation,1692.710614671894,1057.4601333281573,404.0,22.0,True,38,word,his,9.0
4380.0,1671.4817810058594,1061.0486698150635,0.654739260673523,0.7694955468177795,0.6529225707054138,0.7368393540382385,2.8658905029296875,2.819091796875,Fixation,1692.710614671894,1057.4601333281573,404.0,22.0,True,38,word,his,9.0
4384.0,1663.5983276367188,1054.7200298309326,0.6525946855545044,0.7638728618621826,0.6498430967330933,0.7324444651603699,2.8486328125,2.830718994140625,Fixation,1692.710614671894,1057.4601333281573,404.0,22.0,True,38,word,his,9.0
4388.0,1679.6562194824219,1059.831247329712,0.6560808420181274,0.7654153108596802,0.656115710735321,0.7359939217567444,2.849716186523437,2.81280517578125,Fixation,1692.710614671894,1057.4601333281573,404.0,22.0,True,38,word,his,9.0
4392.0,1665.8531188964844,1060.1471042633057,0.6511712074279785,0.7691275477409363,0.6507238745689392,0.7362132668495178,2.8489532470703125,2.82501220703125,Fixation,1692.710614671894,1057.4601333281573,404.0,22.0,True,38,word,his,9.0
4396.0,1665.7563781738281,1069.6791172027588,0.6533893942832947,0.7689652442932129,0.6506860852241516,0.7428327202796936,2.851470947265625,2.8244781494140625,Fixation,1692.710614671894,1057.4601333281573,404.0,22.0,True,38,word,his,9.0
4400.0,1679.1726684570312,1055.8575439453125,0.6548370718955994,0.760774552822113,0.6559268236160278,0.7332344055175781,2.838043212890625,2.823883056640625,Fixation,1692.710614671894,1057.4601333281573,404.0,22.0,True,38,word,his,9.0
4404.0,1670.6405639648438,1057.718095779419,0.653980553150177,0.7631908655166626,0.6525939702987671,0.7345264554023743,2.8389434814453125,2.8142852783203125,Fixation,1692.710614671894,1057.4601333281573,404.0,22.0,True,38,word,his,9.0
4408.0,1667.3246765136719,1061.1058330535889,0.6507564783096313,0.7663328647613525,0.6512987017631531,0.7368790507316589,2.854156494140625,2.829986572265625,Fixation,1692.710614671894,1057.4601333281573,404.0,22.0,True,38,word,his,9.0
4412.0,1683.2818603515625,1061.3716506958008,0.6582939028739929,0.7662988901138306,0.6575319766998291,0.7370636463165283,2.85308837890625,2.8247528076171875,Fixation,1692.710614671894,1057.4601333281573,404.0,22.0,True,38,word,his,9.0
4416.0,1685.0010681152344,1060.9100532531738,0.6626505255699158,0.7675877809524536,0.6582035422325134,0.7367430925369263,2.8486480712890625,2.8247833251953125,Fixation,1692.710614671894,1057.4601333281573,404.0,22.0,True,38,word,his,9.0
4420.0,1719.434814453125,1058.8730335235596,0.675609290599823,0.7624887228012085,0.671654224395752,0.7353284955024719,2.8557891845703125,2.8223876953125,Fixation,1692.710614671894,1057.4601333281573,404.0,22.0,True,38,word,his,9.0
4424.0,1742.6776123046875,1055.2025699615479,0.6769407391548157,0.7628604173660278,0.6807334423065186,0.7327795624732971,2.8391876220703125,2.8038482666015625,Fixation,1692.710614671894,1057.4601333281573,404.0,22.0,True,38,word,his,9.0
4428.0,1732.5204467773438,1063.8783359527588,0.6785628795623779,0.7768511176109314,0.6767657995223999,0.7388043999671936,2.8504180908203125,2.813201904296875,Fixation,1692.710614671894,1057.4601333281573,404.0,22.0,True,38,word,his,9.0
4432.0,1721.7726135253906,1052.2459602355957,0.671509861946106,0.7736777663230896,0.6725674271583557,0.7307263612747192,2.8448028564453125,2.80780029296875,Fixation,1692.710614671894,1057.4601333281573,404.0,22.0,True,38,word,his,9.0
4436.0,1717.6959228515625,1059.7949409484863,0.6699685454368591,0.7715278267860413,0.6709749698638916,0.7359687089920044,2.849945068359375,2.81976318359375,Fixation,1692.710614671894,1057.4601333281573,404.0,22.0,True,38,word,his,9.0
4440.0,1716.6757202148438,1051.7066860198975,0.6808973550796509,0.7650778889656067,0.6705764532089233,0.7303518652915955,2.8228302001953125,2.8126373291015625,Fixation,1692.710614671894,1057.4601333281573,404.0,22.0,True,38,word,his,9.0
4444.0,1722.6307678222656,1056.6672706604004,0.6726014614105225,0.769649088382721,0.6729026436805725,0.7337967157363892,2.8548126220703125,2.82745361328125,Fixation,1692.710614671894,1057.4601333281573,404.0,22.0,True,38,word,his,9.0
4448.0,1718.5107421875,1063.588399887085,0.6715111136436462,0.7746638059616089,0.6712932586669922,0.7386030554771423,2.8370819091796875,2.8170928955078125,Fixation,1692.710614671894,1057.4601333281573,404.0,22.0,True,38,word,his,9.0
4452.0,1722.1469116210938,1059.4141101837158,0.6730629801750183,0.770228385925293,0.6727136373519897,0.735704243183136,2.8294219970703125,2.820465087890625,Fixation,1692.710614671894,1057.4601333281573,404.0,22.0,True,38,word,his,9.0
4456.0,1733.5890197753906,1050.8006572723389,0.6698285341262817,0.7736189961433411,0.677183210849762,0.7297226786613464,2.860137939453125,2.81182861328125,Fixation,1692.710614671894,1057.4601333281573,404.0,22.0,True,38,word,his,9.0
4460.0,1721.0557556152344,1064.3146133422852,0.6728014349937439,0.7688904404640198,0.6722874045372009,0.7391073703765869,2.847564697265625,2.8184814453125,Fixation,1692.710614671894,1057.4601333281573,404.0,22.0,True,38,word,his,9.0
4464.0,1729.7239685058594,1046.4481830596924,0.6746437549591064,0.7643153071403503,0.6756734251976013,0.7267001271247864,2.8491668701171875,2.810699462890625,Fixation,1692.710614671894,1057.4601333281573,404.0,22.0,True,38,word,his,9.0
4468.0,1727.0864868164062,1049.1452407836914,0.6786632537841797,0.7673185467720032,0.6746431589126587,0.7285730838775635,2.8275146484375,2.7936553955078125,Fixation,1692.710614671894,1057.4601333281573,404.0,22.0,True,38,word,his,9.0
4472.0,1730.0865173339844,1045.0509452819824,0.674494743347168,0.7651347517967224,0.6758150458335876,0.7257298231124878,2.85272216796875,2.8017578125,Fixation,1692.710614671894,1057.4601333281573,404.0,22.0,True,38,word,his,9.0
4476.0,1724.5364379882812,1050.3483295440674,0.6742486357688904,0.7633441090583801,0.6736470460891724,0.7294085621833801,2.851181030273437,2.807586669921875,Fixation,1692.710614671894,1057.4601333281573,404.0,22.0,True,38,word,his,9.0
4480.0,1731.8098449707031,1046.524658203125,0.6730547547340393,0.7688049674034119,0.6764882206916809,0.7267532348632812,2.8260650634765625,2.818344116210937,Fixation,1692.710614671894,1057.4601333281573,404.0,22.0,True,38,word,his,9.0
4484.0,1728.3247375488281,1060.8199310302734,0.6740150451660156,0.7678364515304565,0.675126850605011,0.7366805076599121,2.84222412109375,2.813812255859375,Fixation,1692.710614671894,1057.4601333281573,404.0,22.0,True,38,word,his,9.0
4488.0,1726.6291809082031,1056.048173904419,0.6749866604804993,0.7675818800926208,0.6744645237922668,0.7333667874336243,2.844833374023437,2.8108367919921875,Fixation,1692.710614671894,1057.4601333281573,404.0,22.0,True,38,word,his,9.0
4492.0,1735.0238037109375,1060.0058269500732,0.6751093864440918,0.7676550149917603,0.677743673324585,0.7361151576042175,2.83062744140625,2.803329467773437,Fixation,1692.710614671894,1057.4601333281573,404.0,22.0,True,38,word,his,9.0
4496.0,1724.337158203125,1039.033613204956,0.6750782132148743,0.7707324028015137,0.6735692024230957,0.7215511202812195,2.8425445556640625,2.7935028076171875,Fixation,1692.710614671894,1057.4601333281573,404.0,22.0,True,38,word,his,9.0
4500.0,1725.3024291992188,1056.8253707885742,0.67179936170578,0.7680748701095581,0.6739462614059448,0.7339065074920654,2.82110595703125,2.805755615234375,Fixation,1692.710614671894,1057.4601333281573,404.0,22.0,True,38,word,his,9.0
4504.0,1729.8524475097656,1049.458179473877,0.6737926602363586,0.7703757286071777,0.6757236123085022,0.7287904024124146,2.8574981689453125,2.793731689453125,Fixation,1692.710614671894,1057.4601333281573,404.0,22.0,True,38,word,his,9.0
4508.0,1715.2244567871094,1051.6654014587402,0.6726652383804321,0.7641307711601257,0.6700095534324646,0.7303231954574585,2.8563995361328125,2.8034820556640625,Fixation,1692.710614671894,1057.4601333281573,404.0,22.0,True,38,word,his,9.0
4512.0,1720.4267883300781,1057.0359134674072,0.677799642086029,0.7713513970375061,0.6720417141914368,0.7340527176856995,2.855255126953125,2.8242950439453125,Fixation,1692.710614671894,1057.4601333281573,404.0,22.0,True,38,word,his,9.0
4516.0,1712.0368957519531,1055.374402999878,0.6700321435928345,0.774375855922699,0.6687644124031067,0.7328988909721375,2.847442626953125,2.8262939453125,Fixation,1692.710614671894,1057.4601333281573,404.0,22.0,True,38,word,his,9.0
4520.0,1708.6993408203125,1057.5897789001465,0.6758982539176941,0.7692018747329712,0.6674606800079346,0.7344373464584351,2.827880859375,2.815155029296875,Fixation,1692.710614671894,1057.4601333281573,404.0,22.0,True,38,word,his,9.0
4524.0,1717.4240112304688,1054.9555492401123,0.6802871823310852,0.7699122428894043,0.6708687543869019,0.7326080203056335,2.83648681640625,2.816513061523437,Fixation,1692.710614671894,1057.4601333281573,404.0,22.0,True,38,word,his,9.0
4528.0,1724.1914367675781,1046.2416744232178,0.6772907376289368,0.7695593237876892,0.6735122799873352,0.7265567183494568,2.84423828125,2.792205810546875,Fixation,1692.710614671894,1057.4601333281573,404.0,22.0,True,38,word,his,9.0
4532.0,1729.3742370605469,1049.9685287475586,0.672844648361206,0.7767413258552551,0.6755368113517761,0.729144811630249,2.8554840087890625,2.8123779296875,Fixation,1692.710614671894,1057.4601333281573,404.0,22.0,True,38,word,his,9.0
4536.0,1724.9093627929688,1057.3835277557373,0.6768583655357361,0.766059398651123,0.6737927198410034,0.7342941164970398,2.859710693359375,2.814453125,Fixation,1692.710614671894,1057.4601333281573,404.0,22.0,True,38,word,his,9.0
4540.0,1718.5438537597656,1061.1189651489258,0.6756155490875244,0.7709200382232666,0.6713061928749084,0.7368881702423096,2.83746337890625,2.82061767578125,Fixation,1692.710614671894,1057.4601333281573,404.0,22.0,True,38,word,his,9.0
4544.0,1726.6889953613281,1056.9044208526611,0.6742396354675293,0.7686488628387451,0.6744878888130188,0.7339614033699036,2.838134765625,2.806793212890625,Fixation,1692.710614671894,1057.4601333281573,404.0,22.0,True,38,word,his,9.0
4548.0,1726.6206359863281,1059.2213344573975,0.6765174269676208,0.774003267288208,0.6744611859321594,0.7355703711509705,2.8411865234375,2.82794189453125,Fixation,1692.710614671894,1057.4601333281573,404.0,22.0,True,38,word,his,9.0
4552.0,1719.6305847167969,1052.860164642334,0.673224687576294,0.7655550241470337,0.6717306971549988,0.7311528921127319,2.85504150390625,2.801666259765625,Fixation,1692.710614671894,1057.4601333281573,404.0,22.0,True,38,word,his,9.0
4556.0,1727.6510620117188,1040.5395126342773,0.677832841873169,0.7606052160263062,0.6748636960983276,0.7225968837738037,2.870956420898437,2.813751220703125,Fixation,1692.710614671894,1057.4601333281573,404.0,22.0,True,38,word,his,9.0
4560.0,1708.5221862792969,1052.382173538208,0.6687867045402527,0.7736182808876038,0.6673914790153503,0.7308209538459778,2.8723907470703125,2.81585693359375,Fixation,1692.710614671894,1057.4601333281573,404.0,22.0,True,38,word,his,9.0
4564.0,1719.3376159667969,1066.523208618164,0.6689938306808472,0.7735890746116638,0.67161625623703,0.7406411170959473,2.865875244140625,2.836944580078125,Fixation,1692.710614671894,1057.4601333281573,404.0,22.0,True,38,word,his,9.0
4568.0,1712.2463989257812,1044.4906425476074,0.6594157218933105,0.7554884552955627,0.6688462495803833,0.725340723991394,2.8618621826171875,2.8208770751953125,Fixation,1692.710614671894,1057.4601333281573,404.0,22.0,True,38,word,his,9.0
4572.0,1693.7503051757812,976.1001491546631,0.6334661245346069,0.7010257840156555,0.6616212129592896,0.6778473258018494,2.884521484375,2.810028076171875,Saccade,,,,0.0,False,39,,,
4576.0,1640.1820373535156,859.3662071228027,0.6086716651916504,0.6234670281410217,0.640696108341217,0.5967820882797241,2.896347045898437,2.786102294921875,Saccade,,,,0.0,False,39,,,
4580.0,1579.212646484375,778.1039428710938,0.5781453847885132,0.533355176448822,0.616879940032959,0.5403499603271484,2.8583526611328125,2.785736083984375,Saccade,,,,0.0,False,39,,,
4584.0,1516.8800354003906,727.306079864502,0.5616539120674133,0.4861770868301391,0.5925312638282776,0.5050736665725708,2.850555419921875,2.825714111328125,Saccade,,,,0.0,False,39,,,
4588.0,1482.1018981933594,662.0772886276245,0.5535240173339844,0.4240689873695373,0.578946053981781,0.4597758948802948,2.8448944091796875,2.843841552734375,Saccade,,,,0.0,False,39,,,
4592.0,1487.8453063964844,457.2502040863037,0.5599529147148132,0.4088333249092102,0.5811895728111267,0.317534863948822,2.9165496826171875,2.7179718017578125,Saccade,,,,0.0,False,39,,,
4596.0,1495.8453369140625,470.36019802093506,0.5612080097198486,0.3480352163314819,0.5843145847320557,0.3266390264034271,2.8849029541015625,2.8233642578125,Saccade,,,,0.0,False,39,,,
4600.0,1522.13134765625,382.278299331665,0.5627782344818115,0.312501311302185,0.5945825576782227,0.2654710412025451,2.9051055908203125,2.7781219482421875,Saccade,,,,0.0,False,39,,,
4604.0,1522.0001220703125,386.12527370452875,0.5648596286773682,0.2605908811092376,0.5945312976837158,0.2681425511837005,2.829681396484375,2.7646484375,Saccade,,,,0.0,False,39,,,
4608.0,1516.6072082519531,392.43091106414795,0.5680626630783081,0.2738108336925506,0.5924246907234192,0.2725214660167694,2.849395751953125,2.781524658203125,Saccade,,,,0.0,False,39,,,
4612.0,1510.8741760253906,387.44891166687006,0.5715240836143494,0.2970083355903625,0.5901852250099182,0.2690617442131042,2.8589630126953125,2.7714080810546875,Saccade,,,,0.0,False,39,,,
4616.0,1501.96044921875,360.6999921798706,0.5670529007911682,0.2865627408027649,0.5867033004760742,0.2504861056804657,2.868743896484375,2.808135986328125,Fixation,1480.9109061590339,377.8153581433155,420.0,23.0,True,40,image,,11.0
4620.0,1492.4453735351562,365.1718139648437,0.5682279467582703,0.2711535990238189,0.5829864740371704,0.2535915374755859,2.8823394775390625,2.8044891357421875,Fixation,1480.9109061590339,377.8153581433155,420.0,23.0,True,40,image,,11.0
4624.0,1500.3471374511719,326.6541767120361,0.5710541605949402,0.2726581692695617,0.586073100566864,0.2268431782722473,2.8898162841796875,2.824859619140625,Fixation,1480.9109061590339,377.8153581433155,420.0,23.0,True,40,image,,11.0
4628.0,1491.9281005859375,329.37252044677734,0.5653505325317383,0.2523629367351532,0.5827844142913818,0.2287309169769287,2.857574462890625,2.81097412109375,Fixation,1480.9109061590339,377.8153581433155,420.0,23.0,True,40,image,,11.0
4632.0,1499.8760986328125,333.30528259277344,0.572686493396759,0.2522700130939483,0.5858891010284424,0.2314620018005371,2.8532257080078125,2.8325347900390625,Fixation,1480.9109061590339,377.8153581433155,420.0,23.0,True,40,image,,11.0
4636.0,1490.4214477539062,340.963590145111,0.5705282688140869,0.269474446773529,0.5821958780288696,0.2367802709341049,2.851669311523437,2.8328399658203125,Fixation,1480.9109061590339,377.8153581433155,420.0,23.0,True,40,image,,11.0
4640.0,1492.9457092285156,320.6892442703246,0.5657153725624084,0.278628259897232,0.5831819176673889,0.2227008640766143,2.8713836669921875,2.825180053710937,Fixation,1480.9109061590339,377.8153581433155,420.0,23.0,True,40,image,,11.0
4644.0,1495.3305053710938,342.3479962348937,0.5734735727310181,0.2708467245101928,0.5841134786605835,0.2377416640520095,2.869049072265625,2.84027099609375,Fixation,1480.9109061590339,377.8153581433155,420.0,23.0,True,40,image,,11.0
4648.0,1489.5269775390625,334.7855830192565,0.5717225074768066,0.2643666565418243,0.5818464756011963,0.232489988207817,2.842315673828125,2.847991943359375,Fixation,1480.9109061590339,377.8153581433155,420.0,23.0,True,40,image,,11.0
4652.0,1490.196533203125,342.41007328033436,0.5712467432022095,0.2651798129081726,0.5821080207824707,0.2377847731113433,2.847274780273437,2.8558349609375,Fixation,1480.9109061590339,377.8153581433155,420.0,23.0,True,40,image,,11.0
4656.0,1491.1408996582031,379.1524314880371,0.5689751505851746,0.2930530309677124,0.5824769139289856,0.2633002996444702,2.8956451416015625,2.9002838134765625,Fixation,1480.9109061590339,377.8153581433155,420.0,23.0,True,40,image,,11.0
4660.0,1493.0606079101562,388.9682865142822,0.5726119875907898,0.3029008507728576,0.5832267999649048,0.2701168656349182,2.9239044189453125,2.900146484375,Fixation,1480.9109061590339,377.8153581433155,420.0,23.0,True,40,image,,11.0
4664.0,1489.3263244628906,368.3828687667846,0.5687810182571411,0.302667886018753,0.5817680954933167,0.2558214366436004,2.9303741455078125,2.873077392578125,Fixation,1480.9109061590339,377.8153581433155,420.0,23.0,True,40,image,,11.0
4668.0,1494.9403381347656,360.3154277801513,0.572216808795929,0.2913201749324798,0.5839610695838928,0.2502190470695495,2.894775390625,2.87237548828125,Fixation,1480.9109061590339,377.8153581433155,420.0,23.0,True,40,image,,11.0
4672.0,1489.0951538085938,370.9314823150635,0.5739350318908691,0.2814149558544159,0.5816777944564819,0.2575913071632385,2.8744354248046875,2.8719482421875,Fixation,1480.9109061590339,377.8153581433155,420.0,23.0,True,40,image,,11.0
4676.0,1487.1665954589844,373.3514785766601,0.5702658295631409,0.2904657125473022,0.5809244513511658,0.2592718601226806,2.907196044921875,2.908065795898437,Fixation,1480.9109061590339,377.8153581433155,420.0,23.0,True,40,image,,11.0
4680.0,1491.8890380859375,372.65959739685053,0.5707883834838867,0.2935079336166382,0.5827691555023193,0.2587913870811462,2.9053497314453125,2.863388061523437,Fixation,1480.9109061590339,377.8153581433155,420.0,23.0,True,40,image,,11.0
4684.0,1490.2577209472656,380.9380102157592,0.5706610679626465,0.2916319966316223,0.5821319222450256,0.264540284872055,2.89727783203125,2.8813934326171875,Fixation,1480.9109061590339,377.8153581433155,420.0,23.0,True,40,image,,11.0
4688.0,1491.0118103027344,368.16344261169434,0.5700459480285645,0.308496743440628,0.5824264883995056,0.2556690573692322,2.9374237060546875,2.8886871337890625,Fixation,1480.9109061590339,377.8153581433155,420.0,23.0,True,40,image,,11.0
4692.0,1494.7845458984375,378.2771730422973,0.5733432173728943,0.2790204882621765,0.5839002132415771,0.2626924812793731,2.88922119140625,2.8773956298828125,Fixation,1480.9109061590339,377.8153581433155,420.0,23.0,True,40,image,,11.0
4696.0,1488.3674621582031,380.38573265075684,0.5733150839805603,0.2820698022842407,0.5813935399055481,0.2641567587852478,2.9136199951171875,2.882476806640625,Fixation,1480.9109061590339,377.8153581433155,420.0,23.0,True,40,image,,11.0
4700.0,1484.1537475585938,360.7865953445434,0.5745243430137634,0.2793572545051574,0.5797475576400757,0.250546246767044,2.896484375,2.867782592773437,Fixation,1480.9109061590339,377.8153581433155,420.0,23.0,True,40,image,,11.0
4704.0,1480.628662109375,354.1410470008849,0.5735406279563904,0.3001691102981567,0.5783705711364746,0.2459312826395034,2.928863525390625,2.8699493408203125,Fixation,1480.9109061590339,377.8153581433155,420.0,23.0,True,40,image,,11.0
4708.0,1484.9752807617188,358.2154297828673,0.5727500319480896,0.2802465558052063,0.5800684690475464,0.2487607151269912,2.8977813720703125,2.8708038330078125,Fixation,1480.9109061590339,377.8153581433155,420.0,23.0,True,40,image,,11.0
4712.0,1470.7122802734375,350.30632495880116,0.5700874924659729,0.3062293827533722,0.5744969844818115,0.2432682812213897,2.940948486328125,2.8646697998046875,Fixation,1480.9109061590339,377.8153581433155,420.0,23.0,True,40,image,,11.0
4716.0,1482.4803161621094,380.2452278137207,0.5721624493598938,0.3074716329574585,0.579093873500824,0.2640591859817505,2.9477996826171875,2.8954315185546875,Fixation,1480.9109061590339,377.8153581433155,420.0,23.0,True,40,image,,11.0
4720.0,1487.3081970214844,379.99490261077875,0.5737162232398987,0.2850397825241089,0.5809797644615173,0.263885349035263,2.918304443359375,2.8978424072265625,Fixation,1480.9109061590339,377.8153581433155,420.0,23.0,True,40,image,,11.0
4724.0,1485.010986328125,383.4115648269653,0.5734315514564514,0.3132581710815429,0.5800824165344238,0.266258031129837,2.9599609375,2.892318725585937,Fixation,1480.9109061590339,377.8153581433155,420.0,23.0,True,40,image,,11.0
4728.0,1483.56201171875,374.14167881011963,0.5725075602531433,0.3079645335674286,0.5795164108276367,0.2598206102848053,2.9370574951171875,2.89215087890625,Fixation,1480.9109061590339,377.8153581433155,420.0,23.0,True,40,image,,11.0
4732.0,1483.2601928710938,382.5894355773925,0.5705626606941223,0.3112497925758362,0.579398512840271,0.2656871080398559,2.942352294921875,2.905853271484375,Fixation,1480.9109061590339,377.8153581433155,420.0,23.0,True,40,image,,11.0
4736.0,1484.4248962402344,373.793249130249,0.5701495409011841,0.3154609501361847,0.5798534750938416,0.2595786452293396,2.954452514648437,2.888397216796875,Fixation,1480.9109061590339,377.8153581433155,420.0,23.0,True,40,image,,11.0
4740.0,1485.87646484375,378.5028219223022,0.5703071355819702,0.3240413069725036,0.5804204940795898,0.2628491818904876,2.9695587158203125,2.891326904296875,Fixation,1480.9109061590339,377.8153581433155,420.0,23.0,True,40,image,,11.0
4744.0,1476.4201354980469,384.71207141876215,0.5746936202049255,0.3042679727077484,0.5767266154289246,0.2671611607074737,2.94061279296875,2.906600952148437,Fixation,1480.9109061590339,377.8153581433155,420.0,23.0,True,40,image,,11.0
4748.0,1474.8721313476562,379.52669620513916,0.5720941424369812,0.2858560979366302,0.5761219263076782,0.2635602056980133,2.9081268310546875,2.900787353515625,Fixation,1480.9109061590339,377.8153581433155,420.0,23.0,True,40,image,,11.0
4752.0,1478.5739135742188,385.8509588241577,0.5702608823776245,0.2996599972248077,0.5775679349899292,0.2679520547389984,2.9333648681640625,2.8897705078125,Fixation,1480.9109061590339,377.8153581433155,420.0,23.0,True,40,image,,11.0
4756.0,1480.03173828125,387.0215177536011,0.5707456469535828,0.2881850302219391,0.5781373977661133,0.2687649428844452,2.9363250732421875,2.9015655517578125,Fixation,1480.9109061590339,377.8153581433155,420.0,23.0,True,40,image,,11.0
4760.0,1474.9781799316406,380.09502410888666,0.5674746632575989,0.3070886135101318,0.5761633515357971,0.2639548778533935,2.964752197265625,2.906463623046875,Fixation,1480.9109061590339,377.8153581433155,420.0,23.0,True,40,image,,11.0
4764.0,1484.2813110351562,369.24349308013916,0.5721033215522766,0.299115777015686,0.5797973871231079,0.2564190924167633,2.9422760009765625,2.89117431640625,Fixation,1480.9109061590339,377.8153581433155,420.0,23.0,True,40,image,,11.0
4768.0,1476.6954040527344,398.1397676467895,0.5692217350006104,0.314382255077362,0.5768341422080994,0.2764859497547149,2.958587646484375,2.929428100585937,Fixation,1480.9109061590339,377.8153581433155,420.0,23.0,True,40,image,,11.0
4772.0,1481.5299987792969,380.1069545745849,0.5695852041244507,0.300588458776474,0.5787226557731628,0.2639631628990173,2.9647979736328125,2.9086456298828125,Fixation,1480.9109061590339,377.8153581433155,420.0,23.0,True,40,image,,11.0
4776.0,1478.326416015625,387.6373100280761,0.5722352266311646,0.2955424785614013,0.5774712562561035,0.2691925764083862,2.9622344970703125,2.9177398681640625,Fixation,1480.9109061590339,377.8153581433155,420.0,23.0,True,40,image,,11.0
4780.0,1475.157470703125,400.41080474853516,0.5750455260276794,0.2822387218475342,0.5762333869934082,0.2780630588531494,2.9134979248046875,2.929779052734375,Fixation,1480.9109061590339,377.8153581433155,420.0,23.0,True,40,image,,11.0
4784.0,1478.9053344726562,376.5091896057129,0.5727919340133667,0.298787772655487,0.5776973962783813,0.2614647150039673,2.955307006835937,2.9090118408203125,Fixation,1480.9109061590339,377.8153581433155,420.0,23.0,True,40,image,,11.0
4788.0,1477.2140502929688,382.0189619064331,0.5722480416297913,0.3053014576435089,0.5770367383956909,0.2652909457683563,2.955596923828125,2.910751342773437,Fixation,1480.9109061590339,377.8153581433155,420.0,23.0,True,40,image,,11.0
4792.0,1475.67138671875,404.984164237976,0.5679121017456055,0.3004032373428345,0.5764341354370117,0.2812390029430389,2.9729766845703125,2.9358673095703125,Fixation,1480.9109061590339,377.8153581433155,420.0,23.0,True,40,image,,11.0
4796.0,1477.0925903320312,383.48151683807373,0.5727177262306213,0.2674466371536255,0.5769892930984497,0.266306608915329,2.8921661376953125,2.9016265869140625,Fixation,1480.9109061590339,377.8153581433155,420.0,23.0,True,40,image,,11.0
4800.0,1483.9678955078125,365.6363725662231,0.5690150260925293,0.3002286553382873,0.5796749591827393,0.2539141476154327,2.966339111328125,2.9200592041015625,Fixation,1480.9109061590339,377.8153581433155,420.0,23.0,True,40,image,,11.0
4804.0,1489.2735290527344,389.9981260299682,0.5666767954826355,0.3148594498634338,0.5817474722862244,0.2708320319652557,2.9969940185546875,2.927276611328125,Fixation,1480.9109061590339,377.8153581433155,420.0,23.0,True,40,image,,11.0
4808.0,1475.8526611328125,404.8850297927856,0.5708173513412476,0.2794881761074066,0.5765049457550049,0.2811701595783233,2.95849609375,2.9504547119140625,Fixation,1480.9109061590339,377.8153581433155,420.0,23.0,True,40,image,,11.0
4812.0,1475.4133605957031,400.28819561004633,0.5703349709510803,0.2843970656394958,0.5763333439826965,0.2779779136180877,2.941619873046875,2.94305419921875,Fixation,1480.9109061590339,377.8153581433155,420.0,23.0,True,40,image,,11.0
4816.0,1478.8795471191406,377.37745285034174,0.5753231644630432,0.2911153137683868,0.5776873230934143,0.2620676755905151,2.94610595703125,2.917953491210937,Fixation,1480.9109061590339,377.8153581433155,420.0,23.0,True,40,image,,11.0
4820.0,1479.54833984375,386.9325542449951,0.5710416436195374,0.2890796363353729,0.5779485702514648,0.2687031626701355,2.931671142578125,2.9233551025390625,Fixation,1480.9109061590339,377.8153581433155,420.0,23.0,True,40,image,,11.0
4824.0,1483.5037231445312,382.9741287231445,0.5670281648635864,0.284399539232254,0.5794936418533325,0.2659542560577392,2.9308013916015625,2.9171295166015625,Fixation,1480.9109061590339,377.8153581433155,420.0,23.0,True,40,image,,11.0
4828.0,1478.9283752441406,383.51782321929926,0.5696820020675659,0.3011872470378876,0.5777063965797424,0.2663318216800689,2.9619140625,2.92413330078125,Fixation,1480.9109061590339,377.8153581433155,420.0,23.0,True,40,image,,11.0
4832.0,1483.8491821289062,390.793776512146,0.5681812167167664,0.3046455085277557,0.579628586769104,0.2713845670223236,2.966888427734375,2.932708740234375,Fixation,1480.9109061590339,377.8153581433155,420.0,23.0,True,40,image,,11.0
4836.0,1481.4163208007812,382.8355550765991,0.5683952569961548,0.2841329574584961,0.5786782503128052,0.2658580243587494,2.9446258544921875,2.933624267578125,Fixation,1480.9109061590339,377.8153581433155,420.0,23.0,True,40,image,,11.0
4840.0,1479.8152160644531,380.3798532485962,0.5700207948684692,0.3007993698120117,0.578052818775177,0.2641526758670807,2.967636108398437,2.929794311523437,Fixation,1480.9109061590339,377.8153581433155,420.0,23.0,True,40,image,,11.0
4844.0,1486.3414001464844,390.38084506988525,0.5676400661468506,0.3083308637142181,0.5806021094322205,0.2710978090763092,2.97381591796875,2.9393310546875,Fixation,1480.9109061590339,377.8153581433155,420.0,23.0,True,40,image,,11.0
4848.0,1485.2688598632812,386.3971424102783,0.566042959690094,0.2973716855049133,0.5801831483840942,0.2683313488960266,2.9984283447265625,2.9222564697265625,Fixation,1480.9109061590339,377.8153581433155,420.0,23.0,True,40,image,,11.0
4852.0,1480.3611755371094,386.3719511032104,0.5737372040748596,0.2560358345508575,0.5782660841941833,0.268313854932785,2.909652709960937,2.939926147460937,Fixation,1480.9109061590339,377.8153581433155,420.0,23.0,True,40,image,,11.0
4856.0,1479.2610168457031,396.1023616790771,0.5693603754043579,0.3095807731151581,0.5778363347053528,0.2750710844993591,2.972015380859375,2.936508178710937,Fixation,1480.9109061590339,377.8153581433155,420.0,23.0,True,40,image,,11.0
4860.0,1484.8262023925781,395.4243850708008,0.5651901960372925,0.3060206472873688,0.5800102353096008,0.2746002674102783,2.985260009765625,2.952667236328125,Fixation,1480.9109061590339,377.8153581433155,420.0,23.0,True,40,image,,11.0
4864.0,1471.2528991699219,408.6411952972412,0.56539386510849,0.290099561214447,0.5747081637382507,0.2837786078453064,2.944305419921875,2.9502105712890625,Fixation,1480.9109061590339,377.8153581433155,420.0,23.0,True,40,image,,11.0
4868.0,1469.9336242675781,393.61159801483154,0.5734302997589111,0.3093373477458954,0.5741928219795227,0.2733413875102997,3.0074615478515625,2.9492340087890625,Fixation,1480.9109061590339,377.8153581433155,420.0,23.0,True,40,image,,11.0
4872.0,1472.8237915039062,383.57163906097406,0.5725187659263611,0.282453328371048,0.5753217935562134,0.2663691937923431,2.944183349609375,2.9327545166015625,Fixation,1480.9109061590339,377.8153581433155,420.0,23.0,True,40,image,,11.0
4876.0,1472.5445556640625,395.6846237182617,0.5719095468521118,0.2924466431140899,0.5752127170562744,0.2747809886932373,2.9673004150390625,2.946273803710937,Fixation,1480.9109061590339,377.8153581433155,420.0,23.0,True,40,image,,11.0
4880.0,1488.065185546875,385.163197517395,0.5717339515686035,0.3108691275119781,0.581275463104248,0.2674744427204132,2.9834747314453125,2.9293670654296875,Fixation,1480.9109061590339,377.8153581433155,420.0,23.0,True,40,image,,11.0
4884.0,1479.1122436523438,410.52221775054926,0.5712902545928955,0.2863256633281708,0.5777782201766968,0.2850848734378814,2.95855712890625,2.974105834960937,Fixation,1480.9109061590339,377.8153581433155,420.0,23.0,True,40,image,,11.0
4888.0,1468.3770751953125,368.44998836517334,0.5714486837387085,0.3095841705799103,0.573584794998169,0.2558680474758148,3.0113067626953125,2.913436889648437,Fixation,1480.9109061590339,377.8153581433155,420.0,23.0,True,40,image,,11.0
4892.0,1473.6170959472656,364.0332269668579,0.5726788640022278,0.3150509893894195,0.5756316781044006,0.252800852060318,2.999053955078125,2.925277709960937,Fixation,1480.9109061590339,377.8153581433155,420.0,23.0,True,40,image,,11.0
4896.0,1472.0686340332031,371.0193300247192,0.5740043520927429,0.3079480826854706,0.57502681016922,0.2576523125171661,2.99029541015625,2.9397735595703125,Fixation,1480.9109061590339,377.8153581433155,420.0,23.0,True,40,image,,11.0
4900.0,1476.7729187011719,354.4610238075256,0.5695940256118774,0.3156991600990295,0.5768644213676453,0.2461534887552261,3.015625,2.923583984375,Fixation,1480.9109061590339,377.8153581433155,420.0,23.0,True,40,image,,11.0
4904.0,1473.1558227539062,369.84134674072266,0.5694040656089783,0.319778561592102,0.5754514932632446,0.2568342685699463,3.0160369873046875,2.923919677734375,Fixation,1480.9109061590339,377.8153581433155,420.0,23.0,True,40,image,,11.0
4908.0,1475.9896850585938,358.15899610519403,0.5697533488273621,0.3170951008796692,0.5765584707260132,0.2487215250730514,3.010650634765625,2.8925933837890625,Fixation,1480.9109061590339,377.8153581433155,420.0,23.0,True,40,image,,11.0
4912.0,1483.6337280273438,390.2075958251953,0.5723918080329895,0.2987130582332611,0.5795444250106812,0.2709774971008301,2.99884033203125,2.9532623291015625,Fixation,1480.9109061590339,377.8153581433155,420.0,23.0,True,40,image,,11.0
4916.0,1488.3793640136719,383.900671005249,0.5726673603057861,0.3107090890407562,0.5813981890678406,0.2665976881980896,3.0118408203125,2.94439697265625,Fixation,1480.9109061590339,377.8153581433155,420.0,23.0,True,40,image,,11.0
4920.0,1480.3314208984375,369.1064214706421,0.5701969265937805,0.3123905956745147,0.5782544612884521,0.256323903799057,3.0114288330078125,2.9454345703125,Fixation,1480.9109061590339,377.8153581433155,420.0,23.0,True,40,image,,11.0
4924.0,1475.9457397460938,367.61352539062494,0.5700960159301758,0.3030998408794403,0.5765413045883179,0.2552871704101562,2.991790771484375,2.9394073486328125,Fixation,1480.9109061590339,377.8153581433155,420.0,23.0,True,40,image,,11.0
4928.0,1486.4064025878906,391.1375713348388,0.5693708658218384,0.3034203350543976,0.5806275010108948,0.2716233134269714,3.00701904296875,2.9789276123046875,Fixation,1480.9109061590339,377.8153581433155,420.0,23.0,True,40,image,,11.0
4932.0,1473.8505554199219,417.4663925170898,0.569918692111969,0.3104085326194763,0.575722873210907,0.2899072170257568,3.0282440185546875,2.981842041015625,Fixation,1480.9109061590339,377.8153581433155,420.0,23.0,True,40,image,,11.0
4936.0,1477.3846435546875,397.09293365478516,0.5688608884811401,0.2895619571208954,0.5771033763885498,0.2757589817047119,2.97967529296875,2.99542236328125,Fixation,1480.9109061590339,377.8153581433155,420.0,23.0,True,40,image,,11.0
4940.0,1480.281982421875,430.388331413269,0.571130096912384,0.3215587437152862,0.5782351493835449,0.298880785703659,3.042572021484375,3.0242919921875,Fixation,1480.9109061590339,377.8153581433155,420.0,23.0,True,40,image,,11.0
4944.0,1465.943603515625,428.37173938751215,0.5720417499542236,0.3091590702533722,0.572634220123291,0.2974803745746612,3.0371551513671875,3.006210327148437,Fixation,1480.9109061590339,377.8153581433155,420.0,23.0,True,40,image,,11.0
4948.0,1459.6922302246094,418.0099582672119,0.5716304779052734,0.3182932436466217,0.570192277431488,0.2902846932411194,3.0497283935546875,3.0042877197265625,Fixation,1480.9109061590339,377.8153581433155,420.0,23.0,True,40,image,,11.0
4952.0,1467.9806518554688,370.74535846710205,0.5681682229042053,0.3205295503139496,0.5734299421310425,0.2574620544910431,3.0525360107421875,2.9563140869140625,Fixation,1480.9109061590339,377.8153581433155,420.0,23.0,True,40,image,,11.0
4956.0,1475.2676391601562,375.02560615539545,0.5667946338653564,0.3213687241077423,0.576276421546936,0.2604344487190246,3.052230834960937,2.96014404296875,Fixation,1480.9109061590339,377.8153581433155,420.0,23.0,True,40,image,,11.0
4960.0,1467.4081420898438,356.4511156082153,0.5682868957519531,0.3136914670467376,0.5732063055038452,0.2475354969501495,3.0444488525390625,2.935531616210937,Fixation,1480.9109061590339,377.8153581433155,420.0,23.0,True,40,image,,11.0
4964.0,1467.6083374023438,385.8854627609253,0.5697392225265503,0.3232980668544769,0.5732845067977905,0.2679760158061981,3.050537109375,2.97869873046875,Fixation,1480.9109061590339,377.8153581433155,420.0,23.0,True,40,image,,11.0
4968.0,1472.4613952636719,391.31442546844477,0.5676043629646301,0.301738977432251,0.5751802325248718,0.2717461287975311,3.013916015625,2.97576904296875,Fixation,1480.9109061590339,377.8153581433155,420.0,23.0,True,40,image,,11.0
4972.0,1478.2952880859375,388.90979290008545,0.568527340888977,0.3068999350070953,0.5774590969085693,0.2700762450695038,3.006256103515625,2.9812774658203125,Fixation,1480.9109061590339,377.8153581433155,420.0,23.0,True,40,image,,11.0
4976.0,1475.7533264160156,374.034776687622,0.5696061849594116,0.2983801662921905,0.5764661431312561,0.2597463726997375,3.031005859375,2.983505249023437,Fixation,1480.9109061590339,377.8153581433155,420.0,23.0,True,40,image,,11.0
4980.0,1482.0480346679688,377.53297805786127,0.5703838467597961,0.3116700351238251,0.5789250135421753,0.2621756792068481,3.061492919921875,2.991561889648437,Fixation,1480.9109061590339,377.8153581433155,420.0,23.0,True,40,image,,11.0
4984.0,1483.2279968261719,379.7632026672363,0.5678849816322327,0.3162272572517395,0.5793859362602234,0.2637244462966919,3.054046630859375,2.97821044921875,Fixation,1480.9109061590339,377.8153581433155,420.0,23.0,True,40,image,,11.0
4988.0,1477.2903442382812,372.9065322875976,0.5709024667739868,0.320313811302185,0.5770665407180786,0.258962869644165,3.071258544921875,2.96942138671875,Fixation,1480.9109061590339,377.8153581433155,420.0,23.0,True,40,image,,11.0
4992.0,1469.5658874511719,381.6298484802246,0.5707378387451172,0.3207233548164367,0.574049174785614,0.2650207281112671,3.072128295898437,3.003875732421875,Fixation,1480.9109061590339,377.8153581433155,420.0,23.0,True,40,image,,11.0
4996.0,1470.5570983886719,355.5715441703796,0.5689242482185364,0.3244864046573639,0.574436366558075,0.2469246834516525,3.0788116455078125,2.9742584228515625,Fixation,1480.9109061590339,377.8153581433155,420.0,23.0,True,40,image,,11.0
5000.0,1462.3599243164062,402.6294422149658,0.5696994662284851,0.3051968514919281,0.5712343454360962,0.2796037793159485,3.063934326171875,3.0099334716796875,Fixation,1480.9109061590339,377.8153581433155,420.0,23.0,True,40,image,,11.0
5004.0,1472.1267700195312,400.05507946014404,0.5632767677307129,0.3204877972602844,0.5750495195388794,0.2778160274028778,3.0723114013671875,3.0071258544921875,Fixation,1480.9109061590339,377.8153581433155,420.0,23.0,True,40,image,,11.0
5008.0,1477.767333984375,343.4494614601134,0.5677386522293091,0.300375759601593,0.5772528648376465,0.2385065704584121,3.0364990234375,2.948638916015625,Fixation,1480.9109061590339,377.8153581433155,420.0,23.0,True,40,image,,11.0
5012.0,1481.7707824707031,334.60844993591303,0.567825198173523,0.3187849521636963,0.5788167119026184,0.2323669791221618,3.07794189453125,2.947021484375,Fixation,1480.9109061590339,377.8153581433155,420.0,23.0,True,40,image,,11.0
5016.0,1471.0282897949219,392.1473264694214,0.5682206153869629,0.322663813829422,0.5746204257011414,0.2723245322704315,3.092025756835937,3.0188751220703125,Fixation,1480.9109061590339,377.8153581433155,420.0,23.0,True,40,image,,11.0
5020.0,1480.7872009277344,373.1764698028564,0.5643544793128967,0.3097320199012756,0.5784325003623962,0.2591503262519836,3.0711822509765625,2.994979858398437,Fixation,1480.9109061590339,377.8153581433155,420.0,23.0,True,40,image,,11.0
5024.0,1482.0689392089844,377.2341585159302,0.5667158961296082,0.3046349585056305,0.5789331793785095,0.2619681656360626,3.0577392578125,3.006988525390625,Fixation,1480.9109061590339,377.8153581433155,420.0,23.0,True,40,image,,11.0
5028.0,1479.2909240722656,362.2099685668945,0.564568817615509,0.3112109005451202,0.5778480172157288,0.2515347003936767,3.081756591796875,3.0023193359375,Fixation,1480.9109061590339,377.8153581433155,420.0,23.0,True,40,image,,11.0
5032.0,1478.6860656738281,409.107084274292,0.5695630311965942,0.3011668622493744,0.5776117444038391,0.2841021418571472,3.0631103515625,3.047637939453125,Fixation,1480.9109061590339,377.8153581433155,420.0,23.0,True,40,image,,11.0
5036.0,1478.6416625976562,398.2624626159668,0.5666143894195557,0.3124099969863891,0.5775943994522095,0.2765711545944214,3.074066162109375,3.061264038085937,Fixation,1480.9109061590339,377.8153581433155,420.0,23.0,True,40,image,,11.0
5040.0,1462.6600646972656,440.41769027709955,0.5636720061302185,0.30327969789505,0.5713515877723694,0.3058456182479858,3.07769775390625,3.0816650390625,Saccade,,,,0.0,False,41,,,
5044.0,1474.44580078125,373.70325565338135,0.5672847628593445,0.3209469020366668,0.5759553909301758,0.2595161497592926,3.1141510009765625,3.0252227783203125,Saccade,,,,0.0,False,41,,,
5048.0,1462.2024536132812,438.56932640075684,0.5664058923721313,0.3157569169998169,0.571172833442688,0.3045620322227478,3.098724365234375,3.0948486328125,Saccade,,,,0.0,False,41,,,
5052.0,1472.7789306640625,386.12926483154297,0.5697354674339294,0.3200060427188873,0.5753042697906494,0.2681453227996826,3.1072235107421875,3.0298004150390625,Saccade,,,,0.0,False,41,,,
5056.0,1471.1849975585938,434.74492549896235,0.5687739253044128,0.3141428828239441,0.5746816396713257,0.3019061982631683,3.1152801513671875,3.0895233154296875,Saccade,,,,0.0,False,41,,,
5060.0,1473.4346008300781,433.0998945236206,0.5689786672592163,0.3162454962730407,0.5755603909492493,0.3007638156414032,3.1042938232421875,3.08184814453125,Saccade,,,,0.0,False,41,,,
5064.0,1475.3109741210938,451.0730123519897,0.5689970254898071,0.3231146037578583,0.5762933492660522,0.3132451474666595,3.1154937744140625,3.1094207763671875,Saccade,,,,0.0,False,41,,,
5068.0,1479.7337341308594,396.80295467376703,0.5690615177154541,0.3024638891220093,0.5780209898948669,0.2755576074123382,3.1071929931640625,3.0421142578125,Saccade,,,,0.0,False,41,,,
5072.0,1470.279541015625,414.8835325241089,0.5648100972175598,0.314009428024292,0.5743279457092285,0.2881135642528534,3.1036834716796875,3.0787811279296875,Saccade,,,,0.0,False,41,,,
5076.0,1472.6933288574219,453.05990695953363,0.5672372579574585,0.2984136939048767,0.5752708315849304,0.314624935388565,3.092529296875,3.1239166259765625,Saccade,,,,0.0,False,41,,,
5080.0,1473.5585021972656,426.32377624511713,0.5660141110420227,0.3120437860488891,0.5756087899208069,0.296058177947998,3.113037109375,3.096923828125,Saccade,,,,0.0,False,41,,,
5084.0,1471.5025329589844,428.9335012435913,0.5673459768295288,0.3163557648658752,0.5748056769371033,0.2978704869747162,3.137908935546875,3.103057861328125,Saccade,,,,0.0,False,41,,,
