timestamp,x,y,l_x,l_y,r_x,r_y,pupil_l,pupil_r,event_type,fixation_x,fixation_y,event_duration,fixation_id,merged,event_id,aoi_type,aoi,aoi_id
0.0,1269.4969177246091,719.8665332794188,0.49860879778862,0.5091140270233154,0.4958972334861755,0.4999073147773742,2.941162109375,2.98736572265625,Fixation,1273.7672113489223,726.520029703776,320.0,1.0,True,1,image,,10.0
4.0,1276.8565368652344,712.0139694213866,0.4982105195522308,0.5058934092521667,0.4987720847129822,0.4944541454315185,2.940673828125,2.972503662109375,Fixation,1273.7672113489223,726.520029703776,320.0,1.0,True,1,image,,10.0
8.0,1273.1402587890623,724.9822998046875,0.4999045729637146,0.5064108371734619,0.4973204135894775,0.5034599304199219,2.9314117431640625,2.9937744140625,Fixation,1273.7672113489223,726.520029703776,320.0,1.0,True,1,image,,10.0
12.0,1275.969543457031,714.670000076294,0.4972081482410431,0.506583034992218,0.4984256029129028,0.496298611164093,2.9374542236328125,2.9770050048828125,Fixation,1273.7672113489223,726.520029703776,320.0,1.0,True,1,image,,10.0
16.0,1277.317123413086,708.6449003219603,0.4990809559822082,0.5071150064468384,0.4989520013332367,0.4921145141124725,2.928863525390625,2.970306396484375,Fixation,1273.7672113489223,726.520029703776,320.0,1.0,True,1,image,,10.0
20.0,1279.8764038085935,715.9741544723511,0.4995585680007934,0.5063650012016296,0.4999517202377319,0.4972042739391327,2.9131622314453125,2.959320068359375,Fixation,1273.7672113489223,726.520029703776,320.0,1.0,True,1,image,,10.0
24.0,1280.5325317382812,713.7249612808228,0.496586412191391,0.5175158977508545,0.5002080202102661,0.4956423342227936,2.94061279296875,2.9696044921875,Fixation,1273.7672113489223,726.520029703776,320.0,1.0,True,1,image,,10.0
28.0,1283.8983154296875,710.9113025665283,0.4985010921955108,0.5102577209472656,0.5015227794647217,0.4936884045600891,2.92022705078125,2.959259033203125,Fixation,1273.7672113489223,726.520029703776,320.0,1.0,True,1,image,,10.0
32.0,1280.5596923828125,722.5623035430908,0.4966218769550323,0.5149351954460144,0.5002186298370361,0.5017793774604797,2.942611694335937,2.996826171875,Fixation,1273.7672113489223,726.520029703776,320.0,1.0,True,1,image,,10.0
36.0,1274.6213531494138,720.2839279174805,0.4975601732730865,0.5129619836807251,0.4978989660739898,0.500197172164917,2.92962646484375,2.993255615234375,Fixation,1273.7672113489223,726.520029703776,320.0,1.0,True,1,image,,10.0
40.0,1281.6288757324219,717.5608205795287,0.5013849139213562,0.5085903406143188,0.5006362795829773,0.4983061254024505,2.933090209960937,2.9770660400390625,Fixation,1273.7672113489223,726.520029703776,320.0,1.0,True,1,image,,10.0
44.0,1282.2679138183594,719.9447679519652,0.5000314712524414,0.5096203684806824,0.5008859038352966,0.499961644411087,2.924896240234375,2.981597900390625,Fixation,1273.7672113489223,726.520029703776,320.0,1.0,True,1,image,,10.0
48.0,1277.821273803711,711.3094282150267,0.4997216761112213,0.5037157535552979,0.4991489350795746,0.4939648807048797,2.907928466796875,2.978744506835937,Fixation,1273.7672113489223,726.520029703776,320.0,1.0,True,1,image,,10.0
52.0,1279.459533691406,733.788013458252,0.4970552027225494,0.5048388242721558,0.4997888803482055,0.5095750093460083,2.935791015625,3.0098419189453125,Fixation,1273.7672113489223,726.520029703776,320.0,1.0,True,1,image,,10.0
56.0,1273.365478515625,733.5385894775391,0.5029982924461365,0.5068185329437256,0.497408390045166,0.509401798248291,2.9405975341796875,3.0056304931640625,Fixation,1273.7672113489223,726.520029703776,320.0,1.0,True,1,image,,10.0
60.0,1276.0752868652344,722.4035167694092,0.4996800124645233,0.5037064552307129,0.4984669089317322,0.5016691088676453,2.9234619140625,2.992279052734375,Fixation,1273.7672113489223,726.520029703776,320.0,1.0,True,1,image,,10.0
64.0,1270.3507995605469,733.2080554962158,0.4976441264152527,0.5009559392929077,0.4962307810783386,0.509172260761261,2.9253387451171875,3.0174560546875,Fixation,1273.7672113489223,726.520029703776,320.0,1.0,True,1,image,,10.0
68.0,1274.8199462890623,731.8608570098877,0.4984646439552307,0.4990656673908233,0.497976541519165,0.5082367062568665,2.9317169189453125,3.008056640625,Fixation,1273.7672113489223,726.520029703776,320.0,1.0,True,1,image,,10.0
72.0,1267.5241088867188,723.8851261138916,0.4977789223194122,0.5025790333747864,0.4951266050338745,0.5026980042457581,2.93408203125,2.9780731201171875,Fixation,1273.7672113489223,726.520029703776,320.0,1.0,True,1,image,,10.0
76.0,1268.4258270263672,731.4235496520996,0.4999116957187652,0.5070796012878418,0.4954788386821747,0.5079330205917358,2.948211669921875,2.986434936523437,Fixation,1273.7672113489223,726.520029703776,320.0,1.0,True,1,image,,10.0
80.0,1269.6768188476562,740.5733585357666,0.5018274188041687,0.492655485868454,0.4959675073623657,0.5142870545387268,2.9086456298828125,3.0166778564453125,Fixation,1273.7672113489223,726.520029703776,320.0,1.0,True,1,image,,10.0
84.0,1272.652359008789,726.5618419647217,0.5006168484687805,0.4983677566051483,0.4971298277378082,0.5045568346977234,2.9268341064453125,2.9951629638671875,Fixation,1273.7672113489223,726.520029703776,320.0,1.0,True,1,image,,10.0
88.0,1265.8168792724607,732.663631439209,0.5006852746009827,0.5022954940795898,0.494459718465805,0.5087941884994507,2.9114990234375,3.0115966796875,Fixation,1273.7672113489223,726.520029703776,320.0,1.0,True,1,image,,10.0
92.0,1266.8550109863281,732.8405284881592,0.4981341660022735,0.4972574114799499,0.4948652386665344,0.5089170336723328,2.932830810546875,3.016387939453125,Fixation,1273.7672113489223,726.520029703776,320.0,1.0,True,1,image,,10.0
96.0,1269.2020416259766,733.9842224121094,0.5003884434700012,0.5003076195716858,0.4957820475101471,0.5097112655639648,2.9356842041015625,2.994384765625,Fixation,1273.7672113489223,726.520029703776,320.0,1.0,True,1,image,,10.0
100.0,1269.4064331054685,721.7477703094482,0.4998755753040313,0.4976728558540344,0.4958618879318237,0.5012137293815613,2.931610107421875,2.9814453125,Fixation,1273.7672113489223,726.520029703776,320.0,1.0,True,1,image,,10.0
104.0,1273.5405731201172,723.9690685272217,0.4985541403293609,0.4962914884090423,0.4974767863750458,0.5027562975883484,2.93914794921875,2.991241455078125,Fixation,1273.7672113489223,726.520029703776,320.0,1.0,True,1,image,,10.0
108.0,1269.7924041748047,724.614429473877,0.4972173571586609,0.5011731386184692,0.4960126578807831,0.5032044649124146,2.934783935546875,3.0085906982421875,Fixation,1273.7672113489223,726.520029703776,320.0,1.0,True,1,image,,10.0
112.0,1270.8856201171873,723.0570316314697,0.4990468919277191,0.5012178421020508,0.4964396953582763,0.5021229386329651,2.92340087890625,2.9956512451171875,Fixation,1273.7672113489223,726.520029703776,320.0,1.0,True,1,image,,10.0
116.0,1273.6740112304685,716.138606071472,0.497643768787384,0.4999692142009735,0.4975289106369018,0.4973184764385223,2.9374237060546875,2.9858551025390625,Fixation,1273.7672113489223,726.520029703776,320.0,1.0,True,1,image,,10.0
120.0,1271.4576721191406,728.4565544128418,0.4972709715366363,0.5044191479682922,0.4966631531715393,0.5058726072311401,2.935394287109375,2.99761962890625,Fixation,1273.7672113489223,726.520029703776,320.0,1.0,True,1,image,,10.0
124.0,1275.9281921386719,726.3420295715332,0.4969140887260437,0.5075579285621643,0.4984094500541687,0.5044041872024536,2.9494171142578125,3.004150390625,Fixation,1273.7672113489223,726.520029703776,320.0,1.0,True,1,image,,10.0
128.0,1275.8603668212888,732.1109676361084,0.4981850981712341,0.5013625621795654,0.498382955789566,0.5084103941917419,2.9438934326171875,3.0164947509765625,Fixation,1273.7672113489223,726.520029703776,320.0,1.0,True,1,image,,10.0
132.0,1273.3447265624998,739.61256980896,0.4971379041671753,0.497729629278183,0.4974002838134765,0.5136198401451111,2.90380859375,3.019515991210937,Fixation,1273.7672113489223,726.520029703776,320.0,1.0,True,1,image,,10.0
136.0,1269.9465942382812,715.9239435195923,0.4961376190185547,0.5067850351333618,0.4960728883743286,0.4971694052219391,2.93719482421875,2.9949188232421875,Fixation,1273.7672113489223,726.520029703776,320.0,1.0,True,1,image,,10.0
140.0,1276.1286163330078,725.5330753326416,0.4974281787872314,0.5019281506538391,0.4984877407550812,0.5038424134254456,2.931732177734375,2.9954376220703125,Fixation,1273.7672113489223,726.520029703776,320.0,1.0,True,1,image,,10.0
144.0,1269.6684265136719,726.1677932739258,0.4957912564277649,0.5088118314743042,0.4959642291069031,0.5042831897735596,2.9556121826171875,3.013885498046875,Fixation,1273.7672113489223,726.520029703776,320.0,1.0,True,1,image,,10.0
148.0,1274.3509674072266,725.2843379974365,0.4976162910461426,0.5092994570732117,0.4977933466434479,0.5036696791648865,2.9426727294921875,3.018035888671875,Fixation,1273.7672113489223,726.520029703776,320.0,1.0,True,1,image,,10.0
152.0,1269.8483276367185,720.422887802124,0.4941549301147461,0.501876175403595,0.4960345029830932,0.5002936720848083,2.9121246337890625,2.997589111328125,Fixation,1273.7672113489223,726.520029703776,320.0,1.0,True,1,image,,10.0
156.0,1275.6986236572266,724.854326248169,0.4960310757160187,0.5082823038101196,0.4983197748661041,0.5033710598945618,2.938995361328125,2.996337890625,Fixation,1273.7672113489223,726.520029703776,320.0,1.0,True,1,image,,10.0
160.0,1286.966552734375,715.3989601135254,0.4956075549125671,0.5043458938598633,0.5027213096618652,0.4968048334121704,2.920806884765625,2.9942779541015625,Fixation,1273.7672113489223,726.520029703776,320.0,1.0,True,1,image,,10.0
164.0,1275.5747985839844,719.7383880615234,0.4956539869308471,0.5085610747337341,0.4982714056968689,0.4998183250427246,2.9403228759765625,2.9904937744140625,Fixation,1273.7672113489223,726.520029703776,320.0,1.0,True,1,image,,10.0
168.0,1277.06184387207,720.5434799194336,0.4955868422985077,0.5121768712997437,0.4988522827625274,0.5003774166107178,2.9344024658203125,2.9978790283203125,Fixation,1273.7672113489223,726.520029703776,320.0,1.0,True,1,image,,10.0
172.0,1279.1781616210935,719.8060655593872,0.4949720501899719,0.5074111819267273,0.4996789693832397,0.49986532330513,2.922119140625,3.006011962890625,Fixation,1273.7672113489223,726.520029703776,320.0,1.0,True,1,image,,10.0
176.0,1275.488052368164,716.4316749572754,0.4950844943523407,0.4995121955871582,0.4982375204563141,0.4975219964981079,2.9267578125,3.003143310546875,Fixation,1273.7672113489223,726.520029703776,320.0,1.0,True,1,image,,10.0
180.0,1273.7223815917966,723.2552146911621,0.4976384937763214,0.4993756711483001,0.4975478053092956,0.5022605657577515,2.94024658203125,3.0302734375,Fixation,1273.7672113489223,726.520029703776,320.0,1.0,True,1,image,,10.0
184.0,1276.6989135742188,721.9690418243408,0.4967509806156158,0.505168616771698,0.4987105131149292,0.5013673901557922,2.94110107421875,2.9957275390625,Fixation,1273.7672113489223,726.520029703776,320.0,1.0,True,1,image,,10.0
188.0,1272.9631805419922,728.2025814056396,0.497618168592453,0.5017593502998352,0.4972512423992157,0.5056962370872498,2.9383544921875,3.0193328857421875,Fixation,1273.7672113489223,726.520029703776,320.0,1.0,True,1,image,,10.0
192.0,1276.9368743896484,715.2585411071776,0.5000886917114258,0.5108898282051086,0.4988034665584564,0.4967073202133178,2.9639129638671875,3.00640869140625,Fixation,1273.7672113489223,726.520029703776,320.0,1.0,True,1,image,,10.0
196.0,1277.9970550537107,727.1199131011963,0.4988725781440735,0.5075606107711792,0.4992175996303558,0.504944384098053,2.9585113525390625,3.0157928466796875,Fixation,1273.7672113489223,726.520029703776,320.0,1.0,True,1,image,,10.0
200.0,1273.2186889648438,730.4215621948242,0.4987203180789947,0.5106942057609558,0.4973510503768921,0.5072371959686279,2.9576873779296875,3.0172271728515625,Fixation,1273.7672113489223,726.520029703776,320.0,1.0,True,1,image,,10.0
204.0,1278.2797241210935,724.105281829834,0.5021025538444519,0.5009387731552124,0.4993280172348022,0.5028508901596069,2.94049072265625,3.0018310546875,Fixation,1273.7672113489223,726.520029703776,320.0,1.0,True,1,image,,10.0
208.0,1272.3681640624998,729.0517902374268,0.5006948113441467,0.5083276629447937,0.497018814086914,0.5062859654426575,2.948883056640625,3.0081329345703125,Fixation,1273.7672113489223,726.520029703776,320.0,1.0,True,1,image,,10.0
212.0,1285.8888244628906,731.096363067627,0.4992843866348266,0.504920482635498,0.5023003220558167,0.507705807685852,2.9353179931640625,3.0207061767578125,Fixation,1273.7672113489223,726.520029703776,320.0,1.0,True,1,image,,10.0
216.0,1273.6204528808594,733.7831211090088,0.4997544288635254,0.5010533928871155,0.4975079894065857,0.5095716118812561,2.9415740966796875,3.016464233398437,Fixation,1273.7672113489223,726.520029703776,320.0,1.0,True,1,image,,10.0
220.0,1271.46369934082,730.336332321167,0.4997394680976867,0.5009135007858276,0.4966655075550079,0.507178008556366,2.9461212158203125,3.0123443603515625,Fixation,1273.7672113489223,726.520029703776,320.0,1.0,True,1,image,,10.0
224.0,1281.5438842773438,730.6896114349365,0.5014230608940125,0.5013434290885925,0.5006030797958374,0.5074233412742615,2.949676513671875,3.018096923828125,Fixation,1273.7672113489223,726.520029703776,320.0,1.0,True,1,image,,10.0
228.0,1267.4697875976562,729.5617961883545,0.5001941919326782,0.4967368841171264,0.4951053857803345,0.5066401362419128,2.958099365234375,3.015838623046875,Fixation,1273.7672113489223,726.520029703776,320.0,1.0,True,1,image,,10.0
232.0,1269.6752166748047,737.7733898162842,0.4992400407791137,0.4980632960796356,0.4959668815135956,0.512342631816864,2.960189819335937,3.018783569335937,Fixation,1273.7672113489223,726.520029703776,320.0,1.0,True,1,image,,10.0
236.0,1271.694869995117,732.2137928009033,0.5000773668289185,0.5018491744995117,0.4967558085918426,0.5084818005561829,2.9841766357421875,3.0157012939453125,Fixation,1273.7672113489223,726.520029703776,320.0,1.0,True,1,image,,10.0
240.0,1274.202194213867,742.1198558807373,0.4970304071903229,0.4970612823963165,0.4977352321147918,0.5153610110282898,2.9583892822265625,3.025131225585937,Fixation,1273.7672113489223,726.520029703776,320.0,1.0,True,1,image,,10.0
244.0,1270.8378601074216,741.5676212310791,0.4979680478572845,0.4973968267440796,0.4964210391044616,0.5149775147438049,2.959381103515625,3.02777099609375,Fixation,1273.7672113489223,726.520029703776,320.0,1.0,True,1,image,,10.0
248.0,1269.9557495117185,739.5434761047363,0.4977812469005584,0.496252566576004,0.4960764646530151,0.5135718584060669,2.9608154296875,3.028167724609375,Fixation,1273.7672113489223,726.520029703776,320.0,1.0,True,1,image,,10.0
252.0,1272.1239471435545,727.0382881164551,0.500794529914856,0.4951677322387695,0.496923416852951,0.5048877000808716,2.974578857421875,2.9989471435546875,Fixation,1273.7672113489223,726.520029703776,320.0,1.0,True,1,image,,10.0
256.0,1273.3489227294922,738.2948112487793,0.4973769783973694,0.4887873232364654,0.4974019229412079,0.5127047300338745,2.94091796875,3.0264892578125,Fixation,1273.7672113489223,726.520029703776,320.0,1.0,True,1,image,,10.0
260.0,1282.2685241699219,730.594425201416,0.4940729141235351,0.4819976389408111,0.5008861422538757,0.5073572397232056,2.9391326904296875,3.018035888671875,Fixation,1273.7672113489223,726.520029703776,320.0,1.0,True,1,image,,10.0
264.0,1278.7368011474607,730.7327842712402,0.4967872500419616,0.4827982783317566,0.4995065629482269,0.5074533224105835,2.926910400390625,3.030181884765625,Fixation,1273.7672113489223,726.520029703776,320.0,1.0,True,1,image,,10.0
268.0,1273.4957122802734,728.6610889434814,0.4984456300735473,0.4993978440761566,0.4974592626094818,0.5060146450996399,2.963363647460937,3.01019287109375,Fixation,1273.7672113489223,726.520029703776,320.0,1.0,True,1,image,,10.0
272.0,1274.8451995849607,731.3117122650146,0.4964657723903656,0.4907583892345428,0.4979864060878753,0.5078553557395935,2.9708251953125,3.006866455078125,Fixation,1273.7672113489223,726.520029703776,320.0,1.0,True,1,image,,10.0
276.0,1270.8919525146482,728.0661106109619,0.5001716017723083,0.4791969060897827,0.4964421689510345,0.5056014657020569,2.9298858642578125,3.002838134765625,Fixation,1273.7672113489223,726.520029703776,320.0,1.0,True,1,image,,10.0
280.0,1272.7494812011716,734.8578071594238,0.4950014054775238,0.4843842089176178,0.4971677660942077,0.5103179216384888,2.930755615234375,3.0111846923828125,Fixation,1273.7672113489223,726.520029703776,320.0,1.0,True,1,image,,10.0
284.0,1270.6172943115232,729.6046257019043,0.4986051023006439,0.4841399192810058,0.4963348805904388,0.5066698789596558,2.9418182373046875,3.015350341796875,Fixation,1273.7672113489223,726.520029703776,320.0,1.0,True,1,image,,10.0
288.0,1270.251998901367,724.6219825744629,0.4947088360786438,0.4880931973457336,0.4961921870708465,0.5032097101211548,2.94287109375,3.0127105712890625,Fixation,1273.7672113489223,726.520029703776,320.0,1.0,True,1,image,,10.0
292.0,1268.6627197265625,725.4244136810303,0.4966302216053009,0.4864260852336883,0.4955713748931885,0.5037669539451599,2.9453887939453125,2.990814208984375,Fixation,1273.7672113489223,726.520029703776,320.0,1.0,True,1,image,,10.0
296.0,1270.6102752685547,728.2588005065918,0.494808942079544,0.4858365952968597,0.4963321387767792,0.5057352781295776,2.92523193359375,2.98876953125,Fixation,1273.7672113489223,726.520029703776,320.0,1.0,True,1,image,,10.0
300.0,1260.679244995117,742.3748588562012,0.5003983974456787,0.4894717633724212,0.4924528300762176,0.5155380964279175,2.948028564453125,3.008575439453125,Fixation,1273.7672113489223,726.520029703776,320.0,1.0,True,1,image,,10.0
304.0,1272.3569488525388,724.8805904388428,0.4996238052845001,0.486810952425003,0.497014433145523,0.503389298915863,2.9319000244140625,2.978607177734375,Fixation,1273.7672113489223,726.520029703776,320.0,1.0,True,1,image,,10.0
308.0,1270.3157806396482,720.4998779296875,0.4969599843025207,0.4840556383132934,0.4962171018123626,0.5003471374511719,2.9178009033203125,2.9773101806640625,Fixation,1273.7672113489223,726.520029703776,320.0,1.0,True,1,image,,10.0
312.0,1265.3245544433591,716.3915491104126,0.5002354979515076,0.4908693432807922,0.4942674040794372,0.4974941313266754,2.91888427734375,2.958984375,Fixation,1273.7672113489223,726.520029703776,320.0,1.0,True,1,image,,10.0
316.0,1280.2537536621094,733.1087493896484,0.4978893101215362,0.4885261356830597,0.5000991225242615,0.5091032981872559,2.89349365234375,2.9439239501953125,Fixation,1273.7672113489223,726.520029703776,320.0,1.0,True,1,image,,10.0
320.0,1257.0616912841797,749.9960231781006,0.4929243326187134,0.5051229000091553,0.4910397231578827,0.5208305716514587,2.902587890625,2.962860107421875,Fixation,1273.7672113489223,726.520029703776,320.0,1.0,True,1,image,,10.0
324.0,1232.72102355957,794.730806350708,0.474633514881134,0.5407713055610657,0.4815316498279571,0.5518963932991028,2.8841094970703125,2.9441680908203125,Saccade,,,,0.0,False,2,,,
328.0,1178.4797668457031,786.7760181427002,0.4530209898948669,0.5776161551475525,0.4603436589241028,0.5463722348213196,2.866241455078125,2.884613037109375,Saccade,,,,0.0,False,2,,,
332.0,1138.8970947265625,861.476526260376,0.4389119446277618,0.5902854800224304,0.4448816776275635,0.5982475876808167,2.8197479248046875,2.8994293212890625,Saccade,,,,0.0,False,2,,,
336.0,1110.336990356445,921.9230461120605,0.4249807298183441,0.5974557399749756,0.4337253868579864,0.6402243375778198,2.79571533203125,2.896484375,Saccade,,,,0.0,False,2,,,
340.0,1076.2027740478516,939.5281219482422,0.4160026609897613,0.6434427499771118,0.420391708612442,0.6524500846862793,2.8186798095703125,2.906402587890625,Saccade,,,,0.0,False,2,,,
344.0,1061.8134307861326,986.9745540618896,0.4050303697586059,0.6591830253601074,0.4147708714008331,0.6853989958763123,2.7901763916015625,2.913314819335937,Saccade,,,,0.0,False,2,,,
348.0,1038.4073638916013,1024.0585613250732,0.3960101008415222,0.6873578429222107,0.4056278765201568,0.7111517786979675,2.7801055908203125,2.8961944580078125,Saccade,,,,0.0,False,2,,,
352.0,1011.9345855712891,1035.781660079956,0.3900561332702636,0.6921867728233337,0.3952869474887848,0.7192928194999695,2.77471923828125,2.8816375732421875,Fixation,991.1840775433709,1077.3801141626695,132.0,2.0,True,3,word,person,1.0
356.0,998.1420135498046,1061.491985321045,0.3814066052436828,0.6981437802314758,0.3898992240428924,0.7371472120285034,2.779296875,2.875579833984375,Fixation,991.1840775433709,1077.3801141626695,132.0,2.0,True,3,word,person,1.0
360.0,1001.3621520996094,1062.9536819458008,0.3844772577285766,0.7211689352989197,0.3911570906639099,0.7381622791290283,2.7875518798828125,2.870819091796875,Fixation,991.1840775433709,1077.3801141626695,132.0,2.0,True,3,word,person,1.0
364.0,1003.7255096435546,1071.9467639923096,0.3850957453250885,0.719089925289154,0.3920802772045135,0.7444074749946594,2.741928100585937,2.880966186523437,Fixation,991.1840775433709,1077.3801141626695,132.0,2.0,True,3,word,person,1.0
368.0,998.2859802246093,1063.7920761108398,0.3852578699588775,0.717607855796814,0.389955461025238,0.7387444972991943,2.74237060546875,2.864730834960937,Fixation,991.1840775433709,1077.3801141626695,132.0,2.0,True,3,word,person,1.0
372.0,993.9889526367186,1068.3427333831787,0.3825215697288513,0.7203620672225952,0.3882769346237182,0.7419046759605408,2.752288818359375,2.8472442626953125,Fixation,991.1840775433709,1077.3801141626695,132.0,2.0,True,3,word,person,1.0
376.0,1002.5418090820311,1083.283452987671,0.3841971755027771,0.7057217955589294,0.3916178941726684,0.7522801756858826,2.7036285400390625,2.8627166748046875,Fixation,991.1840775433709,1077.3801141626695,132.0,2.0,True,3,word,person,1.0
380.0,995.5809020996094,1074.7426986694336,0.378404438495636,0.7251499891281128,0.3888987898826599,0.7463490962982178,2.725830078125,2.865997314453125,Fixation,991.1840775433709,1077.3801141626695,132.0,2.0,True,3,word,person,1.0
384.0,1003.3022308349609,1090.6776809692383,0.3821032345294952,0.7075868248939514,0.3919149339199066,0.7574150562286377,2.6696014404296875,2.86102294921875,Fixation,991.1840775433709,1077.3801141626695,132.0,2.0,True,3,word,person,1.0
388.0,995.5238342285156,1078.7666130065918,0.3817405104637146,0.7178225517272949,0.3888764977455139,0.7491434812545776,2.68621826171875,2.833953857421875,Fixation,991.1840775433709,1077.3801141626695,132.0,2.0,True,3,word,person,1.0
392.0,1002.3651123046874,1078.7612915039062,0.3813942074775696,0.7157421708106995,0.3915488719940185,0.7491397857666016,2.7001190185546875,2.842315673828125,Fixation,991.1840775433709,1077.3801141626695,132.0,2.0,True,3,word,person,1.0
396.0,985.2737426757811,1082.6774883270264,0.3808520436286926,0.7212512493133545,0.384872555732727,0.7518593668937683,2.713714599609375,2.8487548828125,Fixation,991.1840775433709,1077.3801141626695,132.0,2.0,True,3,word,person,1.0
400.0,994.8995971679688,1091.8521881103516,0.3778251707553863,0.7301874756813049,0.3886326551437378,0.7582306861877441,2.70526123046875,2.843246459960937,Fixation,991.1840775433709,1077.3801141626695,132.0,2.0,True,3,word,person,1.0
404.0,995.7088470458984,1069.9948024749756,0.3798182904720306,0.7340338230133057,0.3889487683773041,0.7430519461631775,2.7278594970703125,2.809600830078125,Fixation,991.1840775433709,1077.3801141626695,132.0,2.0,True,3,word,person,1.0
408.0,998.5588836669922,1082.9559230804443,0.3827677369117737,0.7277228236198425,0.3900620639324188,0.7520527243614197,2.6853485107421875,2.831756591796875,Fixation,991.1840775433709,1077.3801141626695,132.0,2.0,True,3,word,person,1.0
412.0,987.0412445068359,1071.251449584961,0.3803516328334808,0.7193571329116821,0.3855629861354828,0.743924617767334,2.6742706298828125,2.795074462890625,Fixation,991.1840775433709,1077.3801141626695,132.0,2.0,True,3,word,person,1.0
416.0,989.9197387695311,1081.1223220825195,0.3814851939678192,0.721747100353241,0.3866873979568481,0.750779390335083,2.685882568359375,2.8089752197265625,Fixation,991.1840775433709,1077.3801141626695,132.0,2.0,True,3,word,person,1.0
420.0,989.9302673339843,1086.2008380889893,0.3857207298278808,0.7206389904022217,0.3866915106773376,0.7543061375617981,2.677108764648437,2.8184051513671875,Fixation,991.1840775433709,1077.3801141626695,132.0,2.0,True,3,word,person,1.0
424.0,987.7546691894531,1078.4964179992676,0.3799903392791748,0.7149065732955933,0.3858416676521301,0.7489558458328247,2.650390625,2.78900146484375,Fixation,991.1840775433709,1077.3801141626695,132.0,2.0,True,3,word,person,1.0
428.0,992.5649261474608,1086.723976135254,0.378214955329895,0.713829755783081,0.3877206742763519,0.7546694278717041,2.613265991210937,2.7979736328125,Fixation,991.1840775433709,1077.3801141626695,132.0,2.0,True,3,word,person,1.0
432.0,989.1271972656249,1079.827651977539,0.3835863173007965,0.721600353717804,0.3863778114318847,0.749880313873291,2.663314819335937,2.76885986328125,Fixation,991.1840775433709,1077.3801141626695,132.0,2.0,True,3,word,person,1.0
436.0,996.1756896972656,1080.5081176757812,0.3831071257591247,0.7210596799850464,0.3891311287879944,0.7503528594970703,2.646575927734375,2.779937744140625,Fixation,991.1840775433709,1077.3801141626695,132.0,2.0,True,3,word,person,1.0
440.0,999.0647888183593,1077.054033279419,0.3777546286582947,0.7235376238822937,0.3902596831321716,0.7479541897773743,2.645263671875,2.7602996826171875,Fixation,991.1840775433709,1077.3801141626695,132.0,2.0,True,3,word,person,1.0
444.0,995.3684997558593,1084.145107269287,0.3832071721553802,0.7175423502922058,0.3888158202171325,0.7528785467147827,2.6454315185546875,2.791656494140625,Fixation,991.1840775433709,1077.3801141626695,132.0,2.0,True,3,word,person,1.0
448.0,983.6889648437499,1076.2892818450928,0.378931313753128,0.7280691266059875,0.3842535018920898,0.7474231123924255,2.65789794921875,2.78070068359375,Fixation,991.1840775433709,1077.3801141626695,132.0,2.0,True,3,word,person,1.0
452.0,985.9606170654296,1078.8796520233154,0.3834710121154785,0.7220562696456909,0.3851408660411834,0.7492219805717468,2.641937255859375,2.7860260009765625,Fixation,991.1840775433709,1077.3801141626695,132.0,2.0,True,3,word,person,1.0
456.0,985.4200744628905,1083.0402088165283,0.3782135248184204,0.7131744027137756,0.3849297165870666,0.7521112561225891,2.5998077392578125,2.7846832275390625,Fixation,991.1840775433709,1077.3801141626695,132.0,2.0,True,3,word,person,1.0
460.0,991.0115814208983,1083.6737251281738,0.3796116411685943,0.7177062034606934,0.3871138989925384,0.7525511980056763,2.6474761962890625,2.7690582275390625,Fixation,991.1840775433709,1077.3801141626695,132.0,2.0,True,3,word,person,1.0
464.0,979.7235107421875,1090.7045459747314,0.3808383345603943,0.7178128957748413,0.382704496383667,0.7574337124824524,2.627960205078125,2.791412353515625,Fixation,991.1840775433709,1077.3801141626695,132.0,2.0,True,3,word,person,1.0
468.0,986.3744354248046,1087.8679275512695,0.3832342624664306,0.7155125737190247,0.3853025138378143,0.7554638385772705,2.623748779296875,2.7763824462890625,Fixation,991.1840775433709,1077.3801141626695,132.0,2.0,True,3,word,person,1.0
472.0,983.2199859619141,1080.3076171875,0.3782593309879303,0.7105367183685303,0.3840703070163727,0.750213623046875,2.6370086669921875,2.778564453125,Fixation,991.1840775433709,1077.3801141626695,132.0,2.0,True,3,word,person,1.0
476.0,983.3567810058594,1069.4811916351318,0.3813341557979584,0.7197849154472351,0.3841237425804138,0.7426952719688416,2.640228271484375,2.7403717041015625,Fixation,991.1840775433709,1077.3801141626695,132.0,2.0,True,3,word,person,1.0
480.0,968.5759735107421,1068.5879516601562,0.3763509094715118,0.7200320363044739,0.3783499896526336,0.7420749664306641,2.60626220703125,2.72369384765625,Fixation,991.1840775433709,1077.3801141626695,132.0,2.0,True,3,word,person,1.0
484.0,944.7855377197266,1088.7408256530762,0.3701597154140472,0.739563524723053,0.3690568506717682,0.7560700178146362,2.641265869140625,2.7507781982421875,Fixation,991.1840775433709,1077.3801141626695,132.0,2.0,True,3,word,person,1.0
488.0,931.3994598388672,1106.123685836792,0.35490483045578,0.7449729442596436,0.3638279139995575,0.7681414484977722,2.6287078857421875,2.769378662109375,Fixation,898.5458446684338,1106.6977841513497,248.0,3.0,True,4,word,person,1.0
492.0,887.8639221191406,1107.4338912963867,0.3409969508647918,0.752928614616394,0.3468218445777893,0.7690513134002686,2.6343536376953125,2.754486083984375,Fixation,898.5458446684338,1106.6977841513497,248.0,3.0,True,4,word,person,1.0
496.0,896.7937469482422,1121.5241146087646,0.3442527651786804,0.7502940893173218,0.3503100574016571,0.778836190700531,2.65765380859375,2.7672271728515625,Fixation,898.5458446684338,1106.6977841513497,248.0,3.0,True,4,word,person,1.0
500.0,901.482925415039,1103.3471488952637,0.3473440110683441,0.7603799104690552,0.3521417677402496,0.7662132978439331,2.683685302734375,2.75909423828125,Fixation,898.5458446684338,1106.6977841513497,248.0,3.0,True,4,word,person,1.0
504.0,901.0027313232422,1095.9839057922363,0.3474174737930298,0.7599629163742065,0.3519541919231415,0.7610999345779419,2.6505889892578125,2.7268829345703125,Fixation,898.5458446684338,1106.6977841513497,248.0,3.0,True,4,word,person,1.0
508.0,901.7900085449219,1105.955457687378,0.3493748605251312,0.7563098073005676,0.3522617220878601,0.7680246233940125,2.6346435546875,2.7815399169921875,Fixation,898.5458446684338,1106.6977841513497,248.0,3.0,True,4,word,person,1.0
512.0,903.9610290527343,1114.8882865905762,0.3536568582057953,0.7612511515617371,0.3531097769737243,0.7742279767990112,2.674835205078125,2.7636871337890625,Fixation,898.5458446684338,1106.6977841513497,248.0,3.0,True,4,word,person,1.0
516.0,885.3463745117186,1106.7826080322266,0.3525862693786621,0.7621973752975464,0.3458384275436401,0.7685990333557129,2.6551055908203125,2.763412475585937,Fixation,898.5458446684338,1106.6977841513497,248.0,3.0,True,4,word,person,1.0
520.0,894.1455841064453,1114.5347499847412,0.3539690971374511,0.7538411021232605,0.3492756187915802,0.7739824652671814,2.6414337158203125,2.75982666015625,Fixation,898.5458446684338,1106.6977841513497,248.0,3.0,True,4,word,person,1.0
524.0,886.7020416259766,1115.2620792388916,0.3513575196266174,0.7516764402389526,0.3463679850101471,0.7744875550270081,2.6514434814453125,2.7857208251953125,Fixation,898.5458446684338,1106.6977841513497,248.0,3.0,True,4,word,person,1.0
528.0,886.749267578125,1097.541732788086,0.3516122996807098,0.7569480538368225,0.3463864326477051,0.7621817588806152,2.6605987548828125,2.7548370361328125,Fixation,898.5458446684338,1106.6977841513497,248.0,3.0,True,4,word,person,1.0
532.0,894.0861511230469,1101.0479164123535,0.3511848151683807,0.7550089359283447,0.3492524027824402,0.7646166086196899,2.6358795166015625,2.752792358398437,Fixation,898.5458446684338,1106.6977841513497,248.0,3.0,True,4,word,person,1.0
536.0,899.9175262451172,1114.099588394165,0.3492631912231445,0.7627975344657898,0.3515302836894989,0.7736802697181702,2.660125732421875,2.77093505859375,Fixation,898.5458446684338,1106.6977841513497,248.0,3.0,True,4,word,person,1.0
540.0,903.8082885742188,1113.1706428527832,0.3495459854602813,0.7507749795913696,0.3530501127243042,0.7730351686477661,2.646728515625,2.785125732421875,Fixation,898.5458446684338,1106.6977841513497,248.0,3.0,True,4,word,person,1.0
544.0,902.5537872314453,1112.6784038543701,0.3497974574565887,0.763167142868042,0.3525600731372833,0.7726933360099792,2.680633544921875,2.7718505859375,Fixation,898.5458446684338,1106.6977841513497,248.0,3.0,True,4,word,person,1.0
548.0,901.3835906982421,1116.1535167694092,0.3481812179088592,0.7507339119911194,0.3521029651165008,0.7751066088676453,2.6374664306640625,2.773422241210937,Fixation,898.5458446684338,1106.6977841513497,248.0,3.0,True,4,word,person,1.0
552.0,895.1152038574219,1111.239881515503,0.3446079790592193,0.7528845071792603,0.3496543765068054,0.7716943621635437,2.6604461669921875,2.76861572265625,Fixation,898.5458446684338,1106.6977841513497,248.0,3.0,True,4,word,person,1.0
556.0,906.9878387451172,1110.853042602539,0.3464021980762481,0.7599961757659912,0.3542921245098114,0.771425724029541,2.6822662353515625,2.76837158203125,Fixation,898.5458446684338,1106.6977841513497,248.0,3.0,True,4,word,person,1.0
560.0,899.8015594482422,1110.4292106628418,0.3471149504184723,0.7498544454574585,0.3514849841594696,0.7711313962936401,2.649810791015625,2.770751953125,Fixation,898.5458446684338,1106.6977841513497,248.0,3.0,True,4,word,person,1.0
564.0,893.2215118408202,1111.926441192627,0.3532318770885467,0.7553743720054626,0.3489146530628204,0.772171139717102,2.668075561523437,2.781845092773437,Fixation,898.5458446684338,1106.6977841513497,248.0,3.0,True,4,word,person,1.0
568.0,897.5850677490234,1109.838523864746,0.3495538234710693,0.757247805595398,0.3506191670894623,0.7707211971282959,2.665435791015625,2.7768096923828125,Fixation,898.5458446684338,1106.6977841513497,248.0,3.0,True,4,word,person,1.0
572.0,896.3159942626952,1110.835189819336,0.3543559610843658,0.7587589025497437,0.3501234352588653,0.7714133262634277,2.6864166259765625,2.7747039794921875,Fixation,898.5458446684338,1106.6977841513497,248.0,3.0,True,4,word,person,1.0
576.0,892.6204681396483,1099.0291786193848,0.3554043769836426,0.7502740025520325,0.3486798703670501,0.7632147073745728,2.659759521484375,2.785400390625,Fixation,898.5458446684338,1106.6977841513497,248.0,3.0,True,4,word,person,1.0
580.0,896.5372467041016,1099.2124271392822,0.356327086687088,0.7508455514907837,0.3502098619937897,0.7633419632911682,2.66748046875,2.766998291015625,Fixation,898.5458446684338,1106.6977841513497,248.0,3.0,True,4,word,person,1.0
584.0,897.2802734374999,1108.024492263794,0.3510652780532837,0.7477636933326721,0.3505001068115234,0.769461452960968,2.634429931640625,2.77972412109375,Fixation,898.5458446684338,1106.6977841513497,248.0,3.0,True,4,word,person,1.0
588.0,907.2240447998047,1100.8662128448486,0.3547373712062835,0.7494996190071106,0.3543843924999237,0.7644904255867004,2.6820068359375,2.784942626953125,Fixation,898.5458446684338,1106.6977841513497,248.0,3.0,True,4,word,person,1.0
592.0,900.2958679199219,1098.528184890747,0.3485134840011596,0.7524420022964478,0.3516780734062195,0.7628667950630188,2.6777496337890625,2.7890167236328125,Fixation,898.5458446684338,1106.6977841513497,248.0,3.0,True,4,word,person,1.0
596.0,902.4604034423828,1100.8971118927002,0.3484229147434234,0.7387971878051758,0.3525235950946808,0.7645118832588196,2.6425323486328125,2.7822265625,Fixation,898.5458446684338,1106.6977841513497,248.0,3.0,True,4,word,person,1.0
600.0,902.5701141357422,1098.7593269348145,0.3453625738620758,0.7572373151779175,0.3525664508342743,0.7630273103713989,2.6937255859375,2.786834716796875,Fixation,898.5458446684338,1106.6977841513497,248.0,3.0,True,4,word,person,1.0
604.0,894.1738891601561,1093.527431488037,0.3437305390834808,0.7516629695892334,0.349286675453186,0.7593940496444702,2.670639038085937,2.779159545898437,Fixation,898.5458446684338,1106.6977841513497,248.0,3.0,True,4,word,person,1.0
608.0,898.6463165283203,1095.106029510498,0.3440087139606476,0.7528395056724548,0.3510337173938751,0.7604902982711792,2.6751708984375,2.777130126953125,Fixation,898.5458446684338,1106.6977841513497,248.0,3.0,True,4,word,person,1.0
612.0,891.7744445800781,1108.3467864990234,0.3454033732414245,0.7539758682250977,0.348349392414093,0.7696852684020996,2.67193603515625,2.783554077148437,Fixation,898.5458446684338,1106.6977841513497,248.0,3.0,True,4,word,person,1.0
616.0,889.48974609375,1101.0766696929932,0.3477916121482849,0.7554821968078613,0.3474569320678711,0.7646365761756897,2.688949584960937,2.783187866210937,Fixation,898.5458446684338,1106.6977841513497,248.0,3.0,True,4,word,person,1.0
620.0,886.2453460693358,1102.7059936523438,0.347621351480484,0.7589938640594482,0.3461895883083343,0.7657680511474609,2.68487548828125,2.7849273681640625,Fixation,898.5458446684338,1106.6977841513497,248.0,3.0,True,4,word,person,1.0
624.0,896.7677307128906,1100.1098728179932,0.3527142405509949,0.7530524134635925,0.3502998948097229,0.7639651894569397,2.69317626953125,2.77593994140625,Fixation,898.5458446684338,1106.6977841513497,248.0,3.0,True,4,word,person,1.0
628.0,894.0639495849608,1100.5812549591064,0.3502938151359558,0.7570430040359497,0.3492437303066253,0.7642925381660461,2.680023193359375,2.779815673828125,Fixation,898.5458446684338,1106.6977841513497,248.0,3.0,True,4,word,person,1.0
632.0,890.9176635742188,1096.6233444213867,0.3543703556060791,0.7540901899337769,0.3480147123336792,0.7615439891815186,2.6771392822265625,2.7798614501953125,Fixation,898.5458446684338,1106.6977841513497,248.0,3.0,True,4,word,person,1.0
636.0,894.813003540039,1105.4246807098389,0.3550074100494385,0.7562829852104187,0.3495363295078277,0.7676560282707214,2.6671142578125,2.78912353515625,Fixation,898.5458446684338,1106.6977841513497,248.0,3.0,True,4,word,person,1.0
640.0,896.7582702636719,1099.1394710540771,0.357259601354599,0.7608591318130493,0.3502961993217468,0.7632912993431091,2.676025390625,2.79669189453125,Fixation,898.5458446684338,1106.6977841513497,248.0,3.0,True,4,word,person,1.0
644.0,903.7758636474608,1102.163200378418,0.3535241186618805,0.768186092376709,0.3530374467372894,0.7653911113739014,2.7183380126953125,2.7783203125,Fixation,898.5458446684338,1106.6977841513497,248.0,3.0,True,4,word,person,1.0
648.0,911.4366149902344,1102.9932689666748,0.3545881509780884,0.7655513882637024,0.3560299277305603,0.7659675478935242,2.6962432861328125,2.792755126953125,Fixation,898.5458446684338,1106.6977841513497,248.0,3.0,True,4,word,person,1.0
652.0,903.1311798095703,1107.0842170715332,0.349089503288269,0.7608156204223633,0.3527856171131134,0.7688084840774536,2.700912475585937,2.809432983398437,Fixation,898.5458446684338,1106.6977841513497,248.0,3.0,True,4,word,person,1.0
656.0,896.3262176513672,1108.6644458770752,0.3515810370445251,0.7653941512107849,0.3501274287700653,0.7699058651924133,2.71173095703125,2.808868408203125,Fixation,898.5458446684338,1106.6977841513497,248.0,3.0,True,4,word,person,1.0
660.0,901.6950225830078,1105.962839126587,0.3514353334903717,0.761137068271637,0.3522246181964874,0.7680297493934631,2.6898651123046875,2.7967529296875,Fixation,898.5458446684338,1106.6977841513497,248.0,3.0,True,4,word,person,1.0
664.0,905.7761383056641,1102.1929836273193,0.3481670618057251,0.7681258916854858,0.35381880402565,0.7654117941856384,2.704010009765625,2.7822418212890625,Fixation,898.5458446684338,1106.6977841513497,248.0,3.0,True,4,word,person,1.0
668.0,899.6126556396483,1105.6560802459717,0.3486370146274566,0.7752338647842407,0.3514111936092376,0.7678167223930359,2.733001708984375,2.7866668701171875,Fixation,898.5458446684338,1106.6977841513497,248.0,3.0,True,4,word,person,1.0
672.0,903.7615966796874,1106.5608215332031,0.3456878662109375,0.7551953792572021,0.3530318737030029,0.7684450149536133,2.697372436523437,2.791351318359375,Fixation,898.5458446684338,1106.6977841513497,248.0,3.0,True,4,word,person,1.0
676.0,903.797378540039,1096.2792491912842,0.3443643152713775,0.759268581867218,0.3530458509922027,0.761305034160614,2.6878204345703125,2.798675537109375,Fixation,898.5458446684338,1106.6977841513497,248.0,3.0,True,4,word,person,1.0
680.0,891.6963958740234,1095.4478073120117,0.3421644568443298,0.7556007504463196,0.3483189046382904,0.7607276439666748,2.6761627197265625,2.77728271484375,Fixation,898.5458446684338,1106.6977841513497,248.0,3.0,True,4,word,person,1.0
684.0,901.4651489257812,1115.3973484039307,0.3477629423141479,0.7591400146484375,0.3521348237991333,0.7745814919471741,2.6854400634765625,2.8139190673828125,Fixation,898.5458446684338,1106.6977841513497,248.0,3.0,True,4,word,person,1.0
688.0,892.2487640380859,1104.7092819213867,0.3466320931911468,0.768156886100769,0.3485346734523773,0.7671592235565186,2.70159912109375,2.788436889648437,Fixation,898.5458446684338,1106.6977841513497,248.0,3.0,True,4,word,person,1.0
692.0,887.0211029052733,1106.2174987792969,0.3509316742420196,0.7563839554786682,0.3464926183223724,0.7682065963745117,2.694793701171875,2.7866668701171875,Fixation,898.5458446684338,1106.6977841513497,248.0,3.0,True,4,word,person,1.0
696.0,888.2797241210936,1112.2725105285645,0.3555969297885895,0.7652372717857361,0.3469842672348022,0.7724114656448364,2.70001220703125,2.8057861328125,Fixation,898.5458446684338,1106.6977841513497,248.0,3.0,True,4,word,person,1.0
700.0,890.5485534667968,1109.8840141296387,0.3560251295566559,0.7738351821899414,0.3478705286979675,0.7707527875900269,2.723358154296875,2.7939453125,Fixation,898.5458446684338,1106.6977841513497,248.0,3.0,True,4,word,person,1.0
704.0,892.8070068359375,1111.8035316467285,0.3533262610435486,0.7656810879707336,0.3487527370452881,0.7720857858657837,2.709335327148437,2.815902709960937,Fixation,898.5458446684338,1106.6977841513497,248.0,3.0,True,4,word,person,1.0
708.0,895.8089447021483,1106.0445499420166,0.3541976511478424,0.7635270357131958,0.3499253690242767,0.7680864930152893,2.705184936523437,2.7876739501953125,Fixation,898.5458446684338,1106.6977841513497,248.0,3.0,True,4,word,person,1.0
712.0,890.7565307617188,1114.1061973571777,0.355504959821701,0.7551155090332031,0.3479517698287964,0.7736848592758179,2.6923980712890625,2.79083251953125,Fixation,898.5458446684338,1106.6977841513497,248.0,3.0,True,4,word,person,1.0
716.0,896.9892120361328,1110.9444522857666,0.3548814356327057,0.7538005709648132,0.3503864109516144,0.7714892029762268,2.6941680908203125,2.796112060546875,Fixation,898.5458446684338,1106.6977841513497,248.0,3.0,True,4,word,person,1.0
720.0,900.7688903808594,1122.4327182769775,0.3518602848052978,0.7583221197128296,0.3518628478050232,0.7794671654701233,2.7010955810546875,2.8165283203125,Fixation,898.5458446684338,1106.6977841513497,248.0,3.0,True,4,word,person,1.0
724.0,902.2795867919921,1110.3961658477783,0.3495457470417022,0.7523378133773804,0.3524529635906219,0.7711084485054016,2.685455322265625,2.813461303710937,Fixation,898.5458446684338,1106.6977841513497,248.0,3.0,True,4,word,person,1.0
728.0,894.2410278320312,1113.8897323608398,0.3509330451488495,0.7560130953788757,0.3493129014968872,0.7735345363616943,2.696533203125,2.7988739013671875,Fixation,898.5458446684338,1106.6977841513497,248.0,3.0,True,4,word,person,1.0
732.0,905.3179931640625,1114.9326610565186,0.354923665523529,0.7559318542480469,0.3536398410797119,0.7742587924003601,2.705108642578125,2.7940673828125,Fixation,898.5458446684338,1106.6977841513497,248.0,3.0,True,4,word,person,1.0
736.0,948.1942749023438,1116.3163375854492,0.3633683919906616,0.7613341808319092,0.370388388633728,0.7752196788787842,2.6968994140625,2.7804718017578125,Fixation,898.5458446684338,1106.6977841513497,248.0,3.0,True,4,word,person,1.0
740.0,990.6484222412109,1117.8540802001953,0.3894794881343841,0.7622618079185486,0.386972039937973,0.7762875556945801,2.69598388671875,2.78289794921875,Fixation,1073.9757154647525,1104.336155024926,320.0,4.0,True,5,word,riding,2.0
744.0,1034.9192047119138,1115.4040431976318,0.3935491740703583,0.772014856338501,0.4042653143405914,0.7745861411094666,2.702133178710937,2.784393310546875,Fixation,1073.9757154647525,1104.336155024926,320.0,4.0,True,5,word,riding,2.0
748.0,1047.6255798339841,1117.1899223327637,0.3988029360771179,0.7622228264808655,0.4092287421226501,0.7758263349533081,2.7111968994140625,2.80047607421875,Fixation,1073.9757154647525,1104.336155024926,320.0,4.0,True,5,word,riding,2.0
752.0,1059.7572326660154,1117.2675132751465,0.4150754511356354,0.7566809058189392,0.4139676690101623,0.7758802175521851,2.699951171875,2.79632568359375,Fixation,1073.9757154647525,1104.336155024926,320.0,4.0,True,5,word,riding,2.0
756.0,1079.3403625488281,1110.230941772461,0.4222576022148132,0.7550527453422546,0.421617329120636,0.770993709564209,2.692855834960937,2.811019897460937,Fixation,1073.9757154647525,1104.336155024926,320.0,4.0,True,5,word,riding,2.0
760.0,1073.8827514648438,1102.587547302246,0.4211787581443786,0.7628269791603088,0.4194854497909546,0.7656857967376709,2.7334136962890625,2.7716522216796875,Fixation,1073.9757154647525,1104.336155024926,320.0,4.0,True,5,word,riding,2.0
764.0,1073.6530303955076,1114.8180770874023,0.4204133450984955,0.7537150979042053,0.4193957149982452,0.774179220199585,2.7245025634765625,2.799072265625,Fixation,1073.9757154647525,1104.336155024926,320.0,4.0,True,5,word,riding,2.0
768.0,1070.112075805664,1123.214807510376,0.4162335693836212,0.7447620034217834,0.4180125296115875,0.7800102829933167,2.7108917236328125,2.812484741210937,Fixation,1073.9757154647525,1104.336155024926,320.0,4.0,True,5,word,riding,2.0
772.0,1074.3672943115232,1113.347282409668,0.4146375060081482,0.7532877922058105,0.4196747243404388,0.7731578350067139,2.697982788085937,2.796249389648437,Fixation,1073.9757154647525,1104.336155024926,320.0,4.0,True,5,word,riding,2.0
776.0,1068.434143066406,1104.5789909362793,0.4204849898815155,0.747834324836731,0.4173570871353149,0.7670687437057495,2.705108642578125,2.7667694091796875,Fixation,1073.9757154647525,1104.336155024926,320.0,4.0,True,5,word,riding,2.0
780.0,1071.143112182617,1114.713191986084,0.4182547926902771,0.7594797611236572,0.4184152781963348,0.7741063833236694,2.730926513671875,2.792877197265625,Fixation,1073.9757154647525,1104.336155024926,320.0,4.0,True,5,word,riding,2.0
784.0,1082.3918151855466,1120.876693725586,0.4145182371139526,0.7486836910247803,0.4228093028068542,0.7783865928649902,2.7169952392578125,2.812973022460937,Fixation,1073.9757154647525,1104.336155024926,320.0,4.0,True,5,word,riding,2.0
788.0,1070.694122314453,1114.7911262512207,0.4116487503051758,0.7634884715080261,0.4182398915290832,0.7741605043411255,2.7662506103515625,2.8135223388671875,Fixation,1073.9757154647525,1104.336155024926,320.0,4.0,True,5,word,riding,2.0
792.0,1069.011001586914,1112.4940395355225,0.4191044867038727,0.7460264563560486,0.4175824224948883,0.7725653052330017,2.7193603515625,2.79595947265625,Fixation,1073.9757154647525,1104.336155024926,320.0,4.0,True,5,word,riding,2.0
796.0,1083.0600738525388,1112.379970550537,0.4148672223091125,0.7497258186340332,0.423070341348648,0.7724860906600952,2.712493896484375,2.8099517822265625,Fixation,1073.9757154647525,1104.336155024926,320.0,4.0,True,5,word,riding,2.0
800.0,1069.3147277832031,1107.4983501434326,0.416546881198883,0.742700457572937,0.4177010655403137,0.7690960764884949,2.732406616210937,2.814727783203125,Fixation,1073.9757154647525,1104.336155024926,320.0,4.0,True,5,word,riding,2.0
804.0,1081.5215301513672,1102.057285308838,0.4154312312602997,0.7512807250022888,0.4224693477153778,0.7653175592422485,2.75128173828125,2.81817626953125,Fixation,1073.9757154647525,1104.336155024926,320.0,4.0,True,5,word,riding,2.0
808.0,1080.1602935791013,1110.7508182525635,0.4186108112335205,0.7453871965408325,0.4219376146793365,0.7713547348976135,2.737518310546875,2.815185546875,Fixation,1073.9757154647525,1104.336155024926,320.0,4.0,True,5,word,riding,2.0
812.0,1072.1427917480469,1095.8593654632568,0.4224173724651336,0.7450094819068909,0.4188057780265808,0.7610134482383728,2.73211669921875,2.8015594482421875,Fixation,1073.9757154647525,1104.336155024926,320.0,4.0,True,5,word,riding,2.0
816.0,1068.1942749023438,1106.733512878418,0.4200551211833954,0.7482554316520691,0.417263388633728,0.7685649394989014,2.732147216796875,2.820465087890625,Fixation,1073.9757154647525,1104.336155024926,320.0,4.0,True,5,word,riding,2.0
820.0,1069.8015594482422,1105.9559726715088,0.4185103178024292,0.7472663521766663,0.4178912341594696,0.7680249810218811,2.7584991455078125,2.8314208984375,Fixation,1073.9757154647525,1104.336155024926,320.0,4.0,True,5,word,riding,2.0
824.0,1081.0995483398435,1104.915189743042,0.4184015095233917,0.7456436157226562,0.4223045110702514,0.7673022150993347,2.758026123046875,2.828338623046875,Fixation,1073.9757154647525,1104.336155024926,320.0,4.0,True,5,word,riding,2.0
828.0,1069.1320037841797,1108.892583847046,0.421744167804718,0.7408600449562073,0.4176296889781952,0.7700642943382263,2.7249755859375,2.8319091796875,Fixation,1073.9757154647525,1104.336155024926,320.0,4.0,True,5,word,riding,2.0
832.0,1074.931640625,1102.4299621582031,0.4198133647441864,0.7461323738098145,0.4198951721191406,0.7655763626098633,2.7415008544921875,2.8194580078125,Fixation,1073.9757154647525,1104.336155024926,320.0,4.0,True,5,word,riding,2.0
836.0,1069.8400115966797,1100.1810264587402,0.4239268004894256,0.7420480847358704,0.417906254529953,0.7640146017074585,2.74688720703125,2.803451538085937,Fixation,1073.9757154647525,1104.336155024926,320.0,4.0,True,5,word,riding,2.0
840.0,1066.4078521728513,1109.0992641448975,0.4217588901519775,0.740825355052948,0.4165655672550201,0.7702078223228455,2.733993530273437,2.822540283203125,Fixation,1073.9757154647525,1104.336155024926,320.0,4.0,True,5,word,riding,2.0
844.0,1068.3763885498045,1102.7909660339355,0.4228902161121368,0.7416698932647705,0.4173345267772674,0.7658270597457886,2.723052978515625,2.817718505859375,Fixation,1073.9757154647525,1104.336155024926,320.0,4.0,True,5,word,riding,2.0
848.0,1077.7249145507812,1097.0809078216553,0.4252839684486389,0.7461470365524292,0.4209862947463989,0.7618617415428162,2.7377471923828125,2.814437866210937,Fixation,1073.9757154647525,1104.336155024926,320.0,4.0,True,5,word,riding,2.0
852.0,1055.2218627929688,1107.6074409484863,0.4210788905620575,0.7458400130271912,0.4121960401535034,0.7691718339920044,2.725616455078125,2.8248748779296875,Fixation,1073.9757154647525,1104.336155024926,320.0,4.0,True,5,word,riding,2.0
856.0,1073.6390686035156,1103.7405109405518,0.4194332957267761,0.736655056476593,0.4193902611732483,0.7664864659309387,2.7344512939453125,2.8097381591796875,Fixation,1073.9757154647525,1104.336155024926,320.0,4.0,True,5,word,riding,2.0
860.0,1076.813735961914,1105.0387001037598,0.4213860332965851,0.7433934211730957,0.4206303656101227,0.7673879861831665,2.737533569335937,2.823974609375,Fixation,1073.9757154647525,1104.336155024926,320.0,4.0,True,5,word,riding,2.0
864.0,1069.2236328125,1091.6228485107422,0.420009434223175,0.738741397857666,0.4176654815673828,0.7580714225769043,2.73040771484375,2.82080078125,Fixation,1073.9757154647525,1104.336155024926,320.0,4.0,True,5,word,riding,2.0
868.0,1068.628234863281,1090.2915287017822,0.4293908476829529,0.7440020442008972,0.4174329042434692,0.7571468949317932,2.7491455078125,2.825180053710937,Fixation,1073.9757154647525,1104.336155024926,320.0,4.0,True,5,word,riding,2.0
872.0,1067.3014831542969,1097.5234508514404,0.4261727333068847,0.7362427711486816,0.4169146418571472,0.7621690630912781,2.73687744140625,2.824798583984375,Fixation,1073.9757154647525,1104.336155024926,320.0,4.0,True,5,word,riding,2.0
876.0,1079.9042510986326,1094.2955303192139,0.4251109063625335,0.737467885017395,0.4218375980854034,0.7599274516105652,2.7356414794921875,2.81719970703125,Fixation,1073.9757154647525,1104.336155024926,320.0,4.0,True,5,word,riding,2.0
880.0,1067.4674224853513,1100.876169204712,0.4265420436859131,0.7310612797737122,0.4169794619083404,0.7644973397254944,2.7210693359375,2.818084716796875,Fixation,1073.9757154647525,1104.336155024926,320.0,4.0,True,5,word,riding,2.0
884.0,1083.2212829589841,1091.944284439087,0.4281489551067352,0.7370988130569458,0.4231333136558532,0.7582946419715881,2.737777709960937,2.821563720703125,Fixation,1073.9757154647525,1104.336155024926,320.0,4.0,True,5,word,riding,2.0
888.0,1061.8384552001953,1103.5467052459717,0.4243057072162628,0.7411189675331116,0.4147806465625763,0.7663518786430359,2.743148803710937,2.859603881835937,Fixation,1073.9757154647525,1104.336155024926,320.0,4.0,True,5,word,riding,2.0
892.0,1083.0599212646484,1092.1738815307617,0.4220238029956817,0.7422184944152832,0.4230702817440033,0.7584540843963623,2.7376861572265625,2.816436767578125,Fixation,1073.9757154647525,1104.336155024926,320.0,4.0,True,5,word,riding,2.0
896.0,1075.4364013671875,1098.570156097412,0.4292678833007812,0.7446107268333435,0.4200923442840576,0.762895941734314,2.7393035888671875,2.836654663085937,Fixation,1073.9757154647525,1104.336155024926,320.0,4.0,True,5,word,riding,2.0
900.0,1072.5959777832031,1105.7601928710938,0.4242177307605743,0.7524248361587524,0.4189828038215637,0.7678890228271484,2.75701904296875,2.8459930419921875,Fixation,1073.9757154647525,1104.336155024926,320.0,4.0,True,5,word,riding,2.0
904.0,1074.5272827148435,1102.8076171875,0.4290244877338409,0.748537003993988,0.4197372198104858,0.765838623046875,2.78167724609375,2.8492584228515625,Fixation,1073.9757154647525,1104.336155024926,320.0,4.0,True,5,word,riding,2.0
908.0,1079.9719238281248,1100.897626876831,0.4292169511318207,0.7400256991386414,0.4218640327453613,0.7645122408866882,2.751739501953125,2.8291015625,Fixation,1073.9757154647525,1104.336155024926,320.0,4.0,True,5,word,riding,2.0
912.0,1078.7130737304685,1110.00168800354,0.4270173907279968,0.7516717314720154,0.4213722944259643,0.7708345055580139,2.732818603515625,2.850250244140625,Fixation,1073.9757154647525,1104.336155024926,320.0,4.0,True,5,word,riding,2.0
916.0,1076.4830017089844,1093.974266052246,0.4249517023563385,0.7530097365379333,0.420501172542572,0.7597043514251709,2.749496459960937,2.838165283203125,Fixation,1073.9757154647525,1104.336155024926,320.0,4.0,True,5,word,riding,2.0
920.0,1085.2780914306638,1117.029161453247,0.4249860346317291,0.7574045658111572,0.4239367544651031,0.7757146954536438,2.7775115966796875,2.869369506835937,Fixation,1073.9757154647525,1104.336155024926,320.0,4.0,True,5,word,riding,2.0
924.0,1080.57502746582,1105.3696632385254,0.4249070286750793,0.7438181042671204,0.422099620103836,0.7676178216934204,2.7367401123046875,2.8486480712890625,Fixation,1073.9757154647525,1104.336155024926,320.0,4.0,True,5,word,riding,2.0
928.0,1083.6737060546875,1095.8801364898682,0.4233445823192596,0.748380184173584,0.4233100414276123,0.7610278725624084,2.76556396484375,2.82476806640625,Fixation,1073.9757154647525,1104.336155024926,320.0,4.0,True,5,word,riding,2.0
932.0,1082.6289367675781,1102.4254989624023,0.4274252653121948,0.7556459307670593,0.4229019284248352,0.765573263168335,2.7685546875,2.8297271728515625,Fixation,1073.9757154647525,1104.336155024926,320.0,4.0,True,5,word,riding,2.0
936.0,1075.9712982177732,1097.7583694458008,0.4223565459251404,0.7440745234489441,0.4203012883663177,0.7623322010040283,2.745330810546875,2.8457489013671875,Fixation,1073.9757154647525,1104.336155024926,320.0,4.0,True,5,word,riding,2.0
940.0,1080.7615661621094,1107.387456893921,0.422674685716629,0.7501658201217651,0.422172486782074,0.7690190672874451,2.758819580078125,2.859725952148437,Fixation,1073.9757154647525,1104.336155024926,320.0,4.0,True,5,word,riding,2.0
944.0,1081.5501403808594,1095.8703517913818,0.4265897870063782,0.7444002628326416,0.4224805235862732,0.761021077632904,2.76641845703125,2.839141845703125,Fixation,1073.9757154647525,1104.336155024926,320.0,4.0,True,5,word,riding,2.0
948.0,1092.8661346435545,1106.9772720336914,0.4248935878276825,0.7380369305610657,0.4269008338451385,0.7687342166900635,2.734832763671875,2.8487091064453125,Fixation,1073.9757154647525,1104.336155024926,320.0,4.0,True,5,word,riding,2.0
952.0,1079.407958984375,1102.7491664886475,0.4286524355411529,0.753518283367157,0.4216437339782715,0.765798032283783,2.778411865234375,2.856475830078125,Fixation,1073.9757154647525,1104.336155024926,320.0,4.0,True,5,word,riding,2.0
956.0,1074.2395019531248,1103.8014507293701,0.4213504791259765,0.7575536966323853,0.4196248054504394,0.7665287852287292,2.775863647460937,2.8679351806640625,Fixation,1073.9757154647525,1104.336155024926,320.0,4.0,True,5,word,riding,2.0
960.0,1071.812515258789,1112.184705734253,0.4278663992881775,0.7560950517654419,0.4186767637729645,0.7723504900932312,2.7869873046875,2.88543701171875,Fixation,1073.9757154647525,1104.336155024926,320.0,4.0,True,5,word,riding,2.0
964.0,1085.1538848876953,1100.1127910614014,0.4234601557254791,0.754845142364502,0.423888236284256,0.7639672160148621,2.7705230712890625,2.8348846435546875,Fixation,1073.9757154647525,1104.336155024926,320.0,4.0,True,5,word,riding,2.0
968.0,1073.5724639892576,1098.6007976531982,0.4245816469192505,0.7474780678749084,0.4193642437458038,0.7629172205924988,2.750091552734375,2.863372802734375,Fixation,1073.9757154647525,1104.336155024926,320.0,4.0,True,5,word,riding,2.0
972.0,1083.8706207275388,1107.3605918884277,0.4252583086490631,0.7585779428482056,0.4233869612216949,0.7690004110336304,2.764633178710937,2.8590087890625,Fixation,1073.9757154647525,1104.336155024926,320.0,4.0,True,5,word,riding,2.0
976.0,1078.3640289306638,1095.1695442199707,0.4252890944480896,0.7556354999542236,0.4212359488010406,0.760534405708313,2.771591186523437,2.830841064453125,Fixation,1073.9757154647525,1104.336155024926,320.0,4.0,True,5,word,riding,2.0
980.0,1073.6859130859373,1098.603801727295,0.4240635335445404,0.7489429712295532,0.4194085597991943,0.7629193067550659,2.7327423095703125,2.870697021484375,Fixation,1073.9757154647525,1104.336155024926,320.0,4.0,True,5,word,riding,2.0
984.0,1077.713394165039,1094.9771976470947,0.4240260720252991,0.7561876177787781,0.4209817945957184,0.7604008316993713,2.766845703125,2.854888916015625,Fixation,1073.9757154647525,1104.336155024926,320.0,4.0,True,5,word,riding,2.0
988.0,1069.6420288085935,1119.4536209106445,0.4263365268707275,0.7564666271209717,0.4178289175033569,0.7773983478546143,2.775741577148437,2.8851318359375,Fixation,1073.9757154647525,1104.336155024926,320.0,4.0,True,5,word,riding,2.0
992.0,1079.5944213867188,1108.2636165618896,0.4297126233577728,0.7662787437438965,0.421716570854187,0.7696275115013123,2.7812042236328125,2.877914428710937,Fixation,1073.9757154647525,1104.336155024926,320.0,4.0,True,5,word,riding,2.0
996.0,1070.2706146240232,1111.7129802703857,0.4277772009372711,0.7702618837356567,0.4180744588375091,0.7720229029655457,2.7946014404296875,2.8682098388671875,Fixation,1073.9757154647525,1104.336155024926,320.0,4.0,True,5,word,riding,2.0
1000.0,1075.253982543945,1108.3018970489502,0.4247825145721435,0.763708770275116,0.4200210869312286,0.7696540951728821,2.7820281982421875,2.862579345703125,Fixation,1073.9757154647525,1104.336155024926,320.0,4.0,True,5,word,riding,2.0
1004.0,1069.9605560302732,1102.2076606750488,0.4236615598201751,0.77158123254776,0.4179533421993255,0.765421986579895,2.79998779296875,2.8550567626953125,Fixation,1073.9757154647525,1104.336155024926,320.0,4.0,True,5,word,riding,2.0
1008.0,1077.4371337890623,1105.2509593963623,0.4266469180583954,0.7665566802024841,0.4208738803863525,0.767535388469696,2.7740020751953125,2.8612518310546875,Fixation,1073.9757154647525,1104.336155024926,320.0,4.0,True,5,word,riding,2.0
1012.0,1077.4604797363281,1102.3612117767334,0.4232861995697021,0.7654023170471191,0.4208829998970032,0.7655286192893982,2.774398803710937,2.845809936523437,Fixation,1073.9757154647525,1104.336155024926,320.0,4.0,True,5,word,riding,2.0
1016.0,1064.1455078125,1107.855920791626,0.4248935282230377,0.770484447479248,0.4156818389892578,0.7693443894386292,2.782333374023437,2.8554840087890625,Fixation,1073.9757154647525,1104.336155024926,320.0,4.0,True,5,word,riding,2.0
1020.0,1065.25764465332,1089.6821308135986,0.4244459867477417,0.7755604386329651,0.4161162674427032,0.7567237019538879,2.7945709228515625,2.8528594970703125,Fixation,1073.9757154647525,1104.336155024926,320.0,4.0,True,5,word,riding,2.0
1024.0,1075.105056762695,1101.1943435668945,0.429350733757019,0.7711560726165771,0.4199629127979278,0.7647182941436768,2.7723388671875,2.880584716796875,Fixation,1073.9757154647525,1104.336155024926,320.0,4.0,True,5,word,riding,2.0
1028.0,1080.4314422607422,1109.973964691162,0.4252993762493133,0.770603358745575,0.4220435321331024,0.7708152532577515,2.77685546875,2.89019775390625,Fixation,1073.9757154647525,1104.336155024926,320.0,4.0,True,5,word,riding,2.0
1032.0,1076.3275909423828,1098.5135078430176,0.4245649874210357,0.7709723711013794,0.4204404652118683,0.7628566026687622,2.7701568603515625,2.876068115234375,Fixation,1073.9757154647525,1104.336155024926,320.0,4.0,True,5,word,riding,2.0
1036.0,1077.707748413086,1104.6879959106445,0.4248837232589721,0.7753666043281555,0.4209795892238617,0.7671444416046143,2.7793731689453125,2.8760986328125,Fixation,1073.9757154647525,1104.336155024926,320.0,4.0,True,5,word,riding,2.0
1040.0,1071.6526794433591,1105.2452945709229,0.4259671866893768,0.7620329260826111,0.4186143279075622,0.7675314545631409,2.7679443359375,2.8894805908203125,Fixation,1073.9757154647525,1104.336155024926,320.0,4.0,True,5,word,riding,2.0
1044.0,1070.7857513427734,1099.209337234497,0.4284851253032684,0.7631657719612122,0.4182756841182709,0.7633398175239563,2.77069091796875,2.860336303710937,Fixation,1073.9757154647525,1104.336155024926,320.0,4.0,True,5,word,riding,2.0
1048.0,1069.3177795410154,1095.622386932373,0.4288382828235626,0.7755544185638428,0.4177022576332092,0.760848879814148,2.797637939453125,2.865234375,Fixation,1073.9757154647525,1104.336155024926,320.0,4.0,True,5,word,riding,2.0
1052.0,1078.0751800537107,1092.894344329834,0.4309000968933105,0.7725237607955933,0.4211231172084808,0.7589544057846069,2.7855987548828125,2.872283935546875,Fixation,1073.9757154647525,1104.336155024926,320.0,4.0,True,5,word,riding,2.0
1056.0,1100.3843688964844,1098.4908485412598,0.4364902079105377,0.7682796716690063,0.4298376441001892,0.7628408670425415,2.77923583984375,2.870849609375,Fixation,1073.9757154647525,1104.336155024926,320.0,4.0,True,5,word,riding,2.0
1060.0,1138.2088470458984,1092.879409790039,0.4472257792949676,0.7675051689147949,0.4446128308773041,0.758944034576416,2.8087921142578125,2.861419677734375,Fixation,1073.9757154647525,1104.336155024926,320.0,4.0,True,5,word,riding,2.0
1064.0,1172.1206665039062,1102.5047206878662,0.4522255659103393,0.7607610821723938,0.4578596353530884,0.7656282782554626,2.7795867919921875,2.8729705810546875,Fixation,1161.8029022216797,1106.229892730713,136.0,5.0,True,6,word,a,3.0
1068.0,1179.9385833740234,1092.070198059082,0.4593869745731354,0.7723080515861511,0.4609135091304779,0.7583820819854736,2.8061981201171875,2.85430908203125,Fixation,1161.8029022216797,1106.229892730713,136.0,5.0,True,6,word,a,3.0
1072.0,1163.8741302490234,1092.5360870361328,0.4559937715530395,0.7751673460006714,0.4546383321285248,0.7587056159973145,2.8392791748046875,2.8640594482421875,Fixation,1161.8029022216797,1106.229892730713,136.0,5.0,True,6,word,a,3.0
1076.0,1165.4611206054685,1097.473497390747,0.4572325944900512,0.7603868246078491,0.4552582502365112,0.7621343731880188,2.811431884765625,2.8710479736328125,Fixation,1161.8029022216797,1106.229892730713,136.0,5.0,True,6,word,a,3.0
1080.0,1154.6446228027344,1099.6051025390625,0.4534489512443542,0.7701508402824402,0.4510330557823181,0.7636146545410156,2.8223876953125,2.8769683837890625,Fixation,1161.8029022216797,1106.229892730713,136.0,5.0,True,6,word,a,3.0
1084.0,1158.1143188476562,1092.5710201263428,0.4503777325153351,0.7596217393875122,0.4523884057998657,0.758729875087738,2.803741455078125,2.8548126220703125,Fixation,1161.8029022216797,1106.229892730713,136.0,5.0,True,6,word,a,3.0
1088.0,1151.9475555419922,1104.4581413269043,0.4551087319850921,0.7703177332878113,0.4499795138835907,0.7669848203659058,2.832855224609375,2.8912506103515625,Fixation,1161.8029022216797,1106.229892730713,136.0,5.0,True,6,word,a,3.0
1092.0,1153.1825256347656,1104.232406616211,0.4553313553333282,0.7600889801979065,0.4504619240760803,0.7668280601501465,2.790863037109375,2.8812255859375,Fixation,1161.8029022216797,1106.229892730713,136.0,5.0,True,6,word,a,3.0
1096.0,1156.4372253417969,1092.2186851501465,0.451173335313797,0.7719437479972839,0.4517332911491394,0.7584851980209351,2.82269287109375,2.8726959228515625,Fixation,1161.8029022216797,1106.229892730713,136.0,5.0,True,6,word,a,3.0
1100.0,1167.18505859375,1098.4245014190674,0.4543501734733581,0.7643917202949524,0.4559316635131836,0.7627947926521301,2.8148193359375,2.886703491210937,Fixation,1161.8029022216797,1106.229892730713,136.0,5.0,True,6,word,a,3.0
1104.0,1153.2320404052732,1100.1137351989746,0.4576393365859985,0.7674335837364197,0.4504812657833099,0.7639678716659546,2.8260955810546875,2.8748016357421875,Fixation,1161.8029022216797,1106.229892730713,136.0,5.0,True,6,word,a,3.0
1108.0,1164.8043060302732,1108.289966583252,0.45249804854393,0.7616652250289917,0.4550016820430755,0.7696458101272583,2.789291381835937,2.8899078369140625,Fixation,1161.8029022216797,1106.229892730713,136.0,5.0,True,6,word,a,3.0
1112.0,1146.900177001953,1114.7354221343994,0.453471302986145,0.7554681301116943,0.4480078816413879,0.7741218209266663,2.811264038085937,2.87445068359375,Fixation,1161.8029022216797,1106.229892730713,136.0,5.0,True,6,word,a,3.0
1116.0,1143.186569213867,1105.724229812622,0.4535063803195953,0.7535179853439331,0.4465572535991668,0.7678640484809875,2.770004272460937,2.9014434814453125,Fixation,1161.8029022216797,1106.229892730713,136.0,5.0,True,6,word,a,3.0
1120.0,1151.1999511718748,1107.5655555725098,0.4550142288208008,0.7643417119979858,0.4496874809265136,0.769142746925354,2.804840087890625,2.893463134765625,Fixation,1161.8029022216797,1106.229892730713,136.0,5.0,True,6,word,a,3.0
1124.0,1159.014434814453,1113.718500137329,0.4543246626853943,0.7585151791572571,0.4527400135993957,0.7734156250953674,2.781524658203125,2.88397216796875,Fixation,1161.8029022216797,1106.229892730713,136.0,5.0,True,6,word,a,3.0
1128.0,1163.8260650634763,1105.2948188781738,0.4548861682415008,0.7652915716171265,0.4546195566654205,0.7675658464431763,2.819122314453125,2.8784942626953125,Fixation,1161.8029022216797,1106.229892730713,136.0,5.0,True,6,word,a,3.0
1132.0,1153.560791015625,1114.7554206848145,0.4532837569713592,0.7662365436553955,0.4506096839904785,0.7741357088088989,2.7991485595703125,2.8983917236328125,Fixation,1161.8029022216797,1106.229892730713,136.0,5.0,True,6,word,a,3.0
1136.0,1181.1353302001953,1112.9364109039307,0.4573867619037628,0.7637108564376831,0.4613809883594513,0.7728725075721741,2.824447631835937,2.8982696533203125,Fixation,1161.8029022216797,1106.229892730713,136.0,5.0,True,6,word,a,3.0
1140.0,1161.0936737060547,1101.2581157684326,0.4504866003990173,0.755107045173645,0.4535522162914276,0.7647625803947449,2.806488037109375,2.8777313232421875,Fixation,1161.8029022216797,1106.229892730713,136.0,5.0,True,6,word,a,3.0
1144.0,1164.5610809326172,1103.1608963012695,0.4560988545417785,0.7579187750816345,0.4549066722393036,0.7660839557647705,2.796875,2.86663818359375,Fixation,1161.8029022216797,1106.229892730713,136.0,5.0,True,6,word,a,3.0
1148.0,1172.8865814208982,1112.627420425415,0.4550077319145202,0.7542725801467896,0.4581588208675384,0.7726579308509827,2.8098602294921875,2.8772735595703125,Fixation,1161.8029022216797,1106.229892730713,136.0,5.0,True,6,word,a,3.0
1152.0,1168.2778167724607,1114.8728370666504,0.4550732672214508,0.7684983015060425,0.4563585221767425,0.7742172479629517,2.838470458984375,2.891937255859375,Fixation,1161.8029022216797,1106.229892730713,136.0,5.0,True,6,word,a,3.0
1156.0,1171.8360137939453,1109.540433883667,0.4589689970016479,0.7577360272407532,0.4577484428882599,0.770514190196991,2.79412841796875,2.8782958984375,Fixation,1161.8029022216797,1106.229892730713,136.0,5.0,True,6,word,a,3.0
1160.0,1173.5230255126953,1112.6822662353516,0.4519459307193756,0.765030562877655,0.4584074318408966,0.7726960182189941,2.8195343017578125,2.885482788085937,Fixation,1161.8029022216797,1106.229892730713,136.0,5.0,True,6,word,a,3.0
1164.0,1164.491271972656,1097.7143383026123,0.4559077620506286,0.7610604763031006,0.4548794031143188,0.7623016238212585,2.8077545166015625,2.8505401611328125,Fixation,1161.8029022216797,1106.229892730713,136.0,5.0,True,6,word,a,3.0
1168.0,1168.4687042236326,1104.5356464385986,0.4536661207675934,0.7617226839065552,0.4564330875873565,0.7670386433601379,2.7987823486328125,2.857391357421875,Fixation,1161.8029022216797,1106.229892730713,136.0,5.0,True,6,word,a,3.0
1172.0,1163.6869812011716,1114.5059967041016,0.460173636674881,0.7576358914375305,0.4545652270317077,0.7739624977111816,2.807846069335937,2.905136108398437,Fixation,1161.8029022216797,1106.229892730713,136.0,5.0,True,6,word,a,3.0
1176.0,1170.1181030273435,1101.6987705230713,0.4542571008205414,0.7579799294471741,0.4570773839950561,0.7650685906410217,2.799224853515625,2.864990234375,Fixation,1161.8029022216797,1106.229892730713,136.0,5.0,True,6,word,a,3.0
1180.0,1166.6428375244138,1107.0753765106201,0.4556579291820526,0.7565619945526123,0.4557198584079742,0.7688023447990417,2.811019897460937,2.8661651611328125,Fixation,1161.8029022216797,1106.229892730713,136.0,5.0,True,6,word,a,3.0
1184.0,1168.9204406738281,1114.6940517425537,0.4545890390872955,0.7557976245880127,0.4566095471382141,0.7740930914878845,2.8070831298828125,2.8976287841796875,Fixation,1161.8029022216797,1106.229892730713,136.0,5.0,True,6,word,a,3.0
1188.0,1158.7883758544922,1116.1736011505127,0.456159383058548,0.7552981376647949,0.452651709318161,0.7751205563545227,2.787139892578125,2.904510498046875,Fixation,1161.8029022216797,1106.229892730713,136.0,5.0,True,6,word,a,3.0
1192.0,1170.2146911621094,1121.354341506958,0.4550152420997619,0.7593873739242554,0.457115113735199,0.7787182927131653,2.823822021484375,2.8853759765625,Fixation,1161.8029022216797,1106.229892730713,136.0,5.0,True,6,word,a,3.0
1196.0,1150.2568054199219,1111.6138458251953,0.450558990240097,0.7613581418991089,0.449319064617157,0.7719540596008301,2.8090362548828125,2.9034423828125,Fixation,1161.8029022216797,1106.229892730713,136.0,5.0,True,6,word,a,3.0
1200.0,1129.5697021484375,1115.309886932373,0.4426614642143249,0.7637484669685364,0.4412381649017334,0.774520754814148,2.806060791015625,2.878524780273437,Fixation,1161.8029022216797,1106.229892730713,136.0,5.0,True,6,word,a,3.0
1204.0,1079.4133758544922,1125.6915378570557,0.4336839020252228,0.7672125101089478,0.421645849943161,0.7817302346229553,2.7938232421875,2.907821655273437,Fixation,1073.0483066334443,1117.1760682498707,132.0,6.0,True,7,word,riding,2.0
1208.0,1061.264877319336,1127.1837902069092,0.4277672469615936,0.7693856954574585,0.4145565927028656,0.7827665209770203,2.821075439453125,2.8976593017578125,Fixation,1073.0483066334443,1117.1760682498707,132.0,6.0,True,7,word,riding,2.0
1212.0,1065.471496582031,1122.330150604248,0.424961656332016,0.7745469212532043,0.4161998033523559,0.7793959379196167,2.812255859375,2.888046264648437,Fixation,1073.0483066334443,1117.1760682498707,132.0,6.0,True,7,word,riding,2.0
1216.0,1058.300094604492,1123.610315322876,0.4333457946777344,0.7731447815895081,0.4133984744548797,0.7802849411964417,2.8084259033203125,2.9060211181640625,Fixation,1073.0483066334443,1117.1760682498707,132.0,6.0,True,7,word,riding,2.0
1220.0,1052.985610961914,1127.3521900177002,0.4303137362003326,0.7715486288070679,0.4113225042819977,0.7828834652900696,2.808578491210937,2.946502685546875,Fixation,1073.0483066334443,1117.1760682498707,132.0,6.0,True,7,word,riding,2.0
1224.0,1072.6570892333982,1115.326623916626,0.4338770806789398,0.7699130773544312,0.4190066754817962,0.7745323777198792,2.8026580810546875,2.905136108398437,Fixation,1073.0483066334443,1117.1760682498707,132.0,6.0,True,7,word,riding,2.0
1228.0,1082.257385253906,1111.10933303833,0.433677077293396,0.7778248190879822,0.4227567911148071,0.7716037034988403,2.816253662109375,2.888275146484375,Fixation,1073.0483066334443,1117.1760682498707,132.0,6.0,True,7,word,riding,2.0
1232.0,1065.7453155517578,1127.2606945037842,0.4306459724903106,0.7731143236160278,0.4163067638874054,0.782819926738739,2.8009490966796875,2.904876708984375,Fixation,1073.0483066334443,1117.1760682498707,132.0,6.0,True,7,word,riding,2.0
1236.0,1059.916076660156,1128.5089302062988,0.4346931874752044,0.7686272859573364,0.4140297174453735,0.7836867570877075,2.8061065673828125,2.9171905517578125,Fixation,1073.0483066334443,1117.1760682498707,132.0,6.0,True,7,word,riding,2.0
1240.0,1058.4294128417969,1122.5865268707275,0.4316880702972412,0.7789624333381653,0.4134489893913269,0.7795739769935608,2.8362274169921875,2.91119384765625,Fixation,1073.0483066334443,1117.1760682498707,132.0,6.0,True,7,word,riding,2.0
1244.0,1062.2271728515625,1121.3353729248047,0.4322304427623749,0.7614418268203735,0.4149324893951416,0.7787051200866699,2.7783966064453125,2.9039459228515625,Fixation,1073.0483066334443,1117.1760682498707,132.0,6.0,True,7,word,riding,2.0
1248.0,1061.1949920654295,1117.6164150238037,0.4298986196517944,0.7740676403045654,0.4145292937755584,0.776122510433197,2.8126983642578125,2.8893280029296875,Fixation,1073.0483066334443,1117.1760682498707,132.0,6.0,True,7,word,riding,2.0
1252.0,1062.8480529785154,1117.6987266540527,0.4365395903587341,0.7677552700042725,0.4151750206947326,0.7761796712875366,2.8094940185546875,2.900253295898437,Fixation,1073.0483066334443,1117.1760682498707,132.0,6.0,True,7,word,riding,2.0
1256.0,1075.6803131103516,1109.0998649597168,0.4334413111209869,0.7732321619987488,0.4201876223087311,0.7702082395553589,2.8113555908203125,2.916610717773437,Fixation,1073.0483066334443,1117.1760682498707,132.0,6.0,True,7,word,riding,2.0
1260.0,1069.5097351074216,1118.0287456512451,0.424653023481369,0.7688754200935364,0.4177772402763366,0.776408851146698,2.810028076171875,2.923583984375,Fixation,1073.0483066334443,1117.1760682498707,132.0,6.0,True,7,word,riding,2.0
1264.0,1069.7200775146482,1107.7203941345215,0.4312132000923157,0.7659286260604858,0.4178594052791595,0.7692502737045288,2.813217163085937,2.91070556640625,Fixation,1073.0483066334443,1117.1760682498707,132.0,6.0,True,7,word,riding,2.0
1268.0,1067.7202606201172,1119.0407752990723,0.430249273777008,0.761710524559021,0.4170782268047333,0.7771116495132446,2.80487060546875,2.922088623046875,Fixation,1073.0483066334443,1117.1760682498707,132.0,6.0,True,7,word,riding,2.0
1272.0,1077.1632385253906,1120.041904449463,0.4294197857379913,0.7686941623687744,0.4207668900489807,0.7778068780899048,2.8151092529296875,2.903915405273437,Fixation,1073.0483066334443,1117.1760682498707,132.0,6.0,True,7,word,riding,2.0
1276.0,1062.172393798828,1117.3250198364258,0.4308388829231262,0.7710549831390381,0.4149110913276672,0.7759201526641846,2.8106231689453125,2.8978424072265625,Fixation,1073.0483066334443,1117.1760682498707,132.0,6.0,True,7,word,riding,2.0
1280.0,1072.3181915283203,1114.0011405944824,0.4261888861656189,0.7663596272468567,0.4188742935657501,0.7736119031906128,2.7933502197265625,2.9127197265625,Fixation,1073.0483066334443,1117.1760682498707,132.0,6.0,True,7,word,riding,2.0
1284.0,1080.2355194091797,1112.0205116271973,0.4268569052219391,0.7725653052330017,0.4219669997692108,0.7722364664077759,2.8163604736328125,2.9138946533203125,Fixation,1073.0483066334443,1117.1760682498707,132.0,6.0,True,7,word,riding,2.0
1288.0,1074.9898529052732,1107.6351642608643,0.4291013181209564,0.7670465707778931,0.4199179112911224,0.7691910862922668,2.801986694335937,2.8890533447265625,Fixation,1073.0483066334443,1117.1760682498707,132.0,6.0,True,7,word,riding,2.0
1292.0,1072.1354675292969,1119.548978805542,0.4307738244533539,0.765104353427887,0.4188029170036316,0.7774645686149597,2.81109619140625,2.902450561523437,Fixation,1073.0483066334443,1117.1760682498707,132.0,6.0,True,7,word,riding,2.0
1296.0,1080.6006622314453,1114.2480754852295,0.4306468665599823,0.7620524168014526,0.4221096336841583,0.7737833857536316,2.7928009033203125,2.909164428710937,Fixation,1073.0483066334443,1117.1760682498707,132.0,6.0,True,7,word,riding,2.0
1300.0,1063.543472290039,1123.9104652404785,0.4255187511444092,0.7697974443435669,0.4154466688632965,0.7804933786392212,2.8184051513671875,2.937713623046875,Fixation,1073.0483066334443,1117.1760682498707,132.0,6.0,True,7,word,riding,2.0
1304.0,1085.014877319336,1113.1300449371338,0.421303778886795,0.775345504283905,0.4238339364528656,0.7730069756507874,2.833114624023437,2.9177398681640625,Fixation,1073.0483066334443,1117.1760682498707,132.0,6.0,True,7,word,riding,2.0
1308.0,1086.4563751220703,1115.8362007141113,0.4259766042232513,0.7770205140113831,0.4243970215320587,0.7748862504959106,2.841293334960937,2.909027099609375,Fixation,1073.0483066334443,1117.1760682498707,132.0,6.0,True,7,word,riding,2.0
1312.0,1079.268112182617,1118.1957721710205,0.4245549142360687,0.7698163390159607,0.4215891063213348,0.7765248417854309,2.816253662109375,2.9268341064453125,Fixation,1073.0483066334443,1117.1760682498707,132.0,6.0,True,7,word,riding,2.0
1316.0,1075.1927185058594,1109.273328781128,0.4308844208717346,0.774730920791626,0.4199971556663513,0.77032870054245,2.8424072265625,2.899993896484375,Fixation,1073.0483066334443,1117.1760682498707,132.0,6.0,True,7,word,riding,2.0
1320.0,1082.48420715332,1110.4528141021729,0.4267116487026214,0.7737284302711487,0.4228453934192657,0.7711477875709534,2.83465576171875,2.8937530517578125,Fixation,1073.0483066334443,1117.1760682498707,132.0,6.0,True,7,word,riding,2.0
1324.0,1087.7305603027344,1104.981451034546,0.4241550266742706,0.7702842354774475,0.4248947501182556,0.7673482298851013,2.811508178710937,2.918609619140625,Fixation,1073.0483066334443,1117.1760682498707,132.0,6.0,True,7,word,riding,2.0
1328.0,1078.533248901367,1110.0998783111572,0.4259759485721588,0.767388641834259,0.4213020503520965,0.770902693271637,2.8043670654296875,2.9016571044921875,Fixation,1073.0483066334443,1117.1760682498707,132.0,6.0,True,7,word,riding,2.0
1332.0,1092.560043334961,1113.5475254058838,0.425755888223648,0.7676650881767273,0.4267812669277191,0.7732968926429749,2.8017730712890625,2.9220428466796875,Fixation,1073.0483066334443,1117.1760682498707,132.0,6.0,True,7,word,riding,2.0
1336.0,1107.902145385742,1118.237657546997,0.4368788301944732,0.7832289934158325,0.4327742755413055,0.7765539288520813,2.8517608642578125,2.9431610107421875,Fixation,1073.0483066334443,1117.1760682498707,132.0,6.0,True,7,word,riding,2.0
1340.0,1159.649658203125,1107.795753479004,0.4623214900493622,0.7659826278686523,0.4529881477355957,0.7693026065826416,2.8384552001953125,2.9193267822265625,Saccade,,,,0.0,False,8,,,
1344.0,1221.5292358398435,1084.6399211883545,0.4730927050113678,0.7671369314193726,0.4771598577499389,0.7532221674919128,2.8204345703125,2.885833740234375,Saccade,,,,0.0,False,8,,,
1348.0,1255.9012603759763,1089.4672966003418,0.4810444414615631,0.7706757187843323,0.4905864298343658,0.7565745115280151,2.8454132080078125,2.8839874267578125,Saccade,,,,0.0,False,8,,,
1352.0,1257.295684814453,1099.143419265747,0.4903888404369354,0.7828276753425598,0.4911311268806457,0.7632940411567688,2.8537750244140625,2.886688232421875,Saccade,,,,0.0,False,8,,,
1356.0,1275.6947326660154,1094.0521144866943,0.500273585319519,0.7748634219169617,0.4983182549476623,0.7597584128379822,2.8486328125,2.8820953369140625,Fixation,1278.8915308967967,1106.8120367018903,484.0,7.0,True,9,word,camel,4.0
1360.0,1278.962631225586,1087.8938484191895,0.5048655867576599,0.7670367360115051,0.4995947778224945,0.7554818391799927,2.835113525390625,2.884140014648437,Fixation,1278.8915308967967,1106.8120367018903,484.0,7.0,True,9,word,camel,4.0
1364.0,1276.6534423828123,1092.3139572143555,0.504795491695404,0.7662293910980225,0.4986927509307861,0.7585513591766357,2.84515380859375,2.8967742919921875,Fixation,1278.8915308967967,1106.8120367018903,484.0,7.0,True,9,word,camel,4.0
1368.0,1269.3345642089844,1094.1990566253662,0.5004163384437561,0.7647996544837952,0.4958338141441345,0.7598604559898376,2.8428497314453125,2.8804168701171875,Fixation,1278.8915308967967,1106.8120367018903,484.0,7.0,True,9,word,camel,4.0
1372.0,1261.6030120849607,1100.0160598754883,0.5000110864639282,0.7578402757644653,0.4928136765956878,0.7639000415802002,2.8117828369140625,2.90826416015625,Fixation,1278.8915308967967,1106.8120367018903,484.0,7.0,True,9,word,camel,4.0
1376.0,1272.4767303466795,1086.6094779968262,0.5023698210716248,0.7645626068115234,0.4970612227916717,0.7545899152755737,2.82244873046875,2.8642730712890625,Fixation,1278.8915308967967,1106.8120367018903,484.0,7.0,True,9,word,camel,4.0
1380.0,1277.2030639648438,1103.8166427612305,0.5011380910873413,0.7574126124382019,0.4989074468612671,0.7665393352508545,2.8253936767578125,2.9185943603515625,Fixation,1278.8915308967967,1106.8120367018903,484.0,7.0,True,9,word,camel,4.0
1384.0,1273.2821655273435,1094.1808605194092,0.4987810254096985,0.7598893046379089,0.4973758459091186,0.7598478198051453,2.8326873779296875,2.885223388671875,Fixation,1278.8915308967967,1106.8120367018903,484.0,7.0,True,9,word,camel,4.0
1388.0,1277.1324157714844,1094.8798656463623,0.5005962252616882,0.7666375637054443,0.4988798499107361,0.760333240032196,2.8692626953125,2.8898468017578125,Fixation,1278.8915308967967,1106.8120367018903,484.0,7.0,True,9,word,camel,4.0
1392.0,1279.0184020996094,1097.105369567871,0.5020135045051575,0.7615119814872742,0.4996165633201599,0.7618787288665771,2.83203125,2.905746459960937,Fixation,1278.8915308967967,1106.8120367018903,484.0,7.0,True,9,word,camel,4.0
1396.0,1278.0006408691404,1097.4236297607422,0.5018826127052307,0.7593613862991333,0.499219000339508,0.7620997428894043,2.8471221923828125,2.8953857421875,Fixation,1278.8915308967967,1106.8120367018903,484.0,7.0,True,9,word,camel,4.0
1400.0,1280.5191040039062,1109.3153858184814,0.5041458010673523,0.7509332895278931,0.5002027750015259,0.7703579068183899,2.83673095703125,2.9074249267578125,Fixation,1278.8915308967967,1106.8120367018903,484.0,7.0,True,9,word,camel,4.0
1404.0,1269.0790557861326,1105.9926223754883,0.5019686222076416,0.7541077136993408,0.4957340061664581,0.7680504322052002,2.8207550048828125,2.9077301025390625,Fixation,1278.8915308967967,1106.8120367018903,484.0,7.0,True,9,word,camel,4.0
1408.0,1277.1101379394531,1101.567964553833,0.5035768747329712,0.7579101920127869,0.4988711476325989,0.764977753162384,2.846298217773437,2.88885498046875,Fixation,1278.8915308967967,1106.8120367018903,484.0,7.0,True,9,word,camel,4.0
1412.0,1276.7921447753904,1100.4112243652344,0.5021867156028748,0.7528613209724426,0.4987469315528869,0.7641744613647461,2.8436279296875,2.88946533203125,Fixation,1278.8915308967967,1106.8120367018903,484.0,7.0,True,9,word,camel,4.0
1416.0,1272.6421356201172,1098.9976787567139,0.5019041895866394,0.7527250647544861,0.4971258342266083,0.7631928324699402,2.8502349853515625,2.89129638671875,Fixation,1278.8915308967967,1106.8120367018903,484.0,7.0,True,9,word,camel,4.0
1420.0,1275.5397796630857,1106.5952396392822,0.505727231502533,0.7531979084014893,0.4982577264308929,0.7684689164161682,2.860702514648437,2.9057159423828125,Fixation,1278.8915308967967,1106.8120367018903,484.0,7.0,True,9,word,camel,4.0
1424.0,1279.198226928711,1103.4591579437256,0.5023863315582275,0.7487559914588928,0.4996868073940277,0.766291081905365,2.855941772460937,2.90570068359375,Fixation,1278.8915308967967,1106.8120367018903,484.0,7.0,True,9,word,camel,4.0
1428.0,1274.0839385986326,1098.512134552002,0.505173921585083,0.754335880279541,0.4976890385150909,0.7628556489944458,2.86785888671875,2.881698608398437,Fixation,1278.8915308967967,1106.8120367018903,484.0,7.0,True,9,word,camel,4.0
1432.0,1276.3170623779297,1106.2750053405762,0.5030328631401062,0.7508751153945923,0.4985613524913788,0.7682465314865112,2.86138916015625,2.911651611328125,Fixation,1278.8915308967967,1106.8120367018903,484.0,7.0,True,9,word,camel,4.0
1436.0,1277.2620391845703,1116.148796081543,0.507283091545105,0.7524943351745605,0.4989304840564728,0.7751033306121826,2.85614013671875,2.901336669921875,Fixation,1278.8915308967967,1106.8120367018903,484.0,7.0,True,9,word,camel,4.0
1440.0,1277.7328491210935,1109.9061584472656,0.503161609172821,0.7425842881202698,0.4991143941879272,0.7707681655883789,2.84783935546875,2.9076080322265625,Fixation,1278.8915308967967,1106.8120367018903,484.0,7.0,True,9,word,camel,4.0
1444.0,1282.0492553710938,1109.849853515625,0.5023239254951477,0.7577319741249084,0.5008004903793335,0.7707290649414062,2.86962890625,2.91790771484375,Fixation,1278.8915308967967,1106.8120367018903,484.0,7.0,True,9,word,camel,4.0
1448.0,1275.4782104492188,1110.3990840911865,0.5030488967895508,0.7538289427757263,0.4982336759567261,0.771110475063324,2.849609375,2.9116973876953125,Fixation,1278.8915308967967,1106.8120367018903,484.0,7.0,True,9,word,camel,4.0
1452.0,1268.1238555908203,1115.4369163513184,0.5058748722076416,0.7527391910552979,0.4953608810901642,0.7746089696884155,2.8751373291015625,2.920623779296875,Fixation,1278.8915308967967,1106.8120367018903,484.0,7.0,True,9,word,camel,4.0
1456.0,1277.5704956054685,1117.5846576690674,0.5047485828399658,0.750840961933136,0.4990509748458862,0.7761004567146301,2.856231689453125,2.918304443359375,Fixation,1278.8915308967967,1106.8120367018903,484.0,7.0,True,9,word,camel,4.0
1460.0,1276.805419921875,1111.0388660430908,0.5038973689079285,0.754105269908905,0.4987521171569824,0.7715547680854797,2.8524932861328125,2.9010162353515625,Fixation,1278.8915308967967,1106.8120367018903,484.0,7.0,True,9,word,camel,4.0
1464.0,1283.5298156738281,1113.2665157318115,0.5018177628517151,0.7514768838882446,0.5013788342475891,0.7731017470359802,2.862396240234375,2.903472900390625,Fixation,1278.8915308967967,1106.8120367018903,484.0,7.0,True,9,word,camel,4.0
1468.0,1273.0072021484375,1107.033405303955,0.5028386116027832,0.7590304017066956,0.4972684383392334,0.7687731981277466,2.895965576171875,2.9209136962890625,Fixation,1278.8915308967967,1106.8120367018903,484.0,7.0,True,9,word,camel,4.0
1472.0,1270.6276702880857,1107.3794746398926,0.5058347582817078,0.7580074667930603,0.4963389337062835,0.769013524055481,2.84613037109375,2.910263061523437,Fixation,1278.8915308967967,1106.8120367018903,484.0,7.0,True,9,word,camel,4.0
1476.0,1272.4208831787107,1115.548496246338,0.5008593797683716,0.7591108083724976,0.4970394074916839,0.7746864557266235,2.869781494140625,2.9368438720703125,Fixation,1278.8915308967967,1106.8120367018903,484.0,7.0,True,9,word,camel,4.0
1480.0,1273.1758880615234,1116.0383319854736,0.5006967782974243,0.7562028169631958,0.4973343312740326,0.7750266194343567,2.8703765869140625,2.909332275390625,Fixation,1278.8915308967967,1106.8120367018903,484.0,7.0,True,9,word,camel,4.0
1484.0,1270.6989288330078,1117.8583717346191,0.5032989978790283,0.7516283392906189,0.4963667690753937,0.7762905359268188,2.8560791015625,2.927947998046875,Fixation,1278.8915308967967,1106.8120367018903,484.0,7.0,True,9,word,camel,4.0
1488.0,1275.0022888183591,1111.728343963623,0.5035278797149658,0.7591353058815002,0.4980477690696716,0.7720335721969604,2.860748291015625,2.9219207763671875,Fixation,1278.8915308967967,1106.8120367018903,484.0,7.0,True,9,word,camel,4.0
1492.0,1277.9901885986326,1116.3971042633057,0.5016218423843384,0.7665426135063171,0.4992149174213409,0.7752757668495178,2.867218017578125,2.93060302734375,Fixation,1278.8915308967967,1106.8120367018903,484.0,7.0,True,9,word,camel,4.0
1496.0,1276.4684295654295,1108.9339542388916,0.5041726231575012,0.7578045129776001,0.4986204802989959,0.7700930237770081,2.851043701171875,2.927764892578125,Fixation,1278.8915308967967,1106.8120367018903,484.0,7.0,True,9,word,camel,4.0
1500.0,1280.0616455078125,1116.5753746032715,0.501994788646698,0.7565950155258179,0.5000240802764893,0.7753995656967163,2.886474609375,2.9176025390625,Fixation,1278.8915308967967,1106.8120367018903,484.0,7.0,True,9,word,camel,4.0
1504.0,1275.1203155517578,1114.5216178894043,0.5098487734794617,0.7545570731163025,0.4980938732624054,0.7739733457565308,2.85882568359375,2.9044647216796875,Fixation,1278.8915308967967,1106.8120367018903,484.0,7.0,True,9,word,camel,4.0
1508.0,1275.5529022216795,1107.2109031677246,0.5064120888710022,0.7564659118652344,0.4982628524303436,0.7688964605331421,2.880035400390625,2.9327392578125,Fixation,1278.8915308967967,1106.8120367018903,484.0,7.0,True,9,word,camel,4.0
1512.0,1276.6960144042966,1115.908899307251,0.5040640234947205,0.7560322880744934,0.4987093806266784,0.7749367356300354,2.852081298828125,2.920166015625,Fixation,1278.8915308967967,1106.8120367018903,484.0,7.0,True,9,word,camel,4.0
1516.0,1277.5011444091797,1111.0753440856934,0.5023914575576782,0.7650642395019531,0.4990238845348358,0.7715801000595093,2.87579345703125,2.9246978759765625,Fixation,1278.8915308967967,1106.8120367018903,484.0,7.0,True,9,word,camel,4.0
1520.0,1279.2314147949216,1109.1250133514404,0.505892276763916,0.7707061767578125,0.4996997714042663,0.7702257037162781,2.878204345703125,2.9214324951171875,Fixation,1278.8915308967967,1106.8120367018903,484.0,7.0,True,9,word,camel,4.0
1524.0,1287.4034118652344,1108.1598472595215,0.5026808381080627,0.7584540843963623,0.5028919577598572,0.7695554494857788,2.8522491455078125,2.928253173828125,Fixation,1278.8915308967967,1106.8120367018903,484.0,7.0,True,9,word,camel,4.0
1528.0,1279.212646484375,1111.7838764190674,0.5042838454246521,0.7749115228652954,0.499692440032959,0.7720721364021301,2.89410400390625,2.8991241455078125,Fixation,1278.8915308967967,1106.8120367018903,484.0,7.0,True,9,word,camel,4.0
1532.0,1294.4221496582031,1117.4413204193115,0.5020660161972046,0.7674229145050049,0.5056336522102356,0.7760009169578552,2.8597564697265625,2.9148101806640625,Fixation,1278.8915308967967,1106.8120367018903,484.0,7.0,True,9,word,camel,4.0
1536.0,1280.4104614257812,1113.7684535980225,0.4999957680702209,0.7713034749031067,0.5001603364944458,0.7734503149986267,2.892791748046875,2.9264373779296875,Fixation,1278.8915308967967,1106.8120367018903,484.0,7.0,True,9,word,camel,4.0
1540.0,1283.095703125,1102.1049213409424,0.5014179944992065,0.7686588764190674,0.5012092590332031,0.7653506398200989,2.879058837890625,2.9078369140625,Fixation,1278.8915308967967,1106.8120367018903,484.0,7.0,True,9,word,camel,4.0
1544.0,1284.3324279785156,1120.3092670440674,0.503440797328949,0.7716519832611084,0.5016923546791077,0.7779925465583801,2.8939208984375,2.91314697265625,Fixation,1278.8915308967967,1106.8120367018903,484.0,7.0,True,9,word,camel,4.0
1548.0,1276.9468688964844,1103.8133811950684,0.5010074377059937,0.7737371921539307,0.4988073706626892,0.766537070274353,2.8895416259765625,2.905380249023437,Fixation,1278.8915308967967,1106.8120367018903,484.0,7.0,True,9,word,camel,4.0
1552.0,1273.4303283691404,1114.3037796020508,0.5030233263969421,0.7769498229026794,0.4974337220191955,0.7738220691680908,2.89990234375,2.9386138916015625,Fixation,1278.8915308967967,1106.8120367018903,484.0,7.0,True,9,word,camel,4.0
1556.0,1285.0253295898438,1110.1690578460693,0.5053727030754089,0.7765881419181824,0.5019630193710327,0.7709507346153259,2.8789520263671875,2.9246826171875,Fixation,1278.8915308967967,1106.8120367018903,484.0,7.0,True,9,word,camel,4.0
1560.0,1286.4108276367188,1104.4464683532715,0.5040033459663391,0.7685393691062927,0.5025042295455933,0.7669767141342163,2.8633575439453125,2.8906707763671875,Fixation,1278.8915308967967,1106.8120367018903,484.0,7.0,True,9,word,camel,4.0
1564.0,1268.7552642822263,1111.860179901123,0.5028805136680603,0.7648881673812866,0.4956075251102447,0.7721251249313354,2.875350952148437,2.9204864501953125,Fixation,1278.8915308967967,1106.8120367018903,484.0,7.0,True,9,word,camel,4.0
1568.0,1276.704864501953,1102.7360343933105,0.5032539963722229,0.7706027626991272,0.4987128376960754,0.7657889127731323,2.882965087890625,2.914642333984375,Fixation,1278.8915308967967,1106.8120367018903,484.0,7.0,True,9,word,camel,4.0
1572.0,1280.2189636230469,1104.3784046173096,0.5076711177825928,0.7776399254798889,0.5000855326652527,0.7669294476509094,2.90130615234375,2.909088134765625,Fixation,1278.8915308967967,1106.8120367018903,484.0,7.0,True,9,word,camel,4.0
1576.0,1283.8240051269531,1117.3980617523193,0.5027062892913818,0.76776522397995,0.5014937520027161,0.7759708762168884,2.8431396484375,2.9104461669921875,Fixation,1278.8915308967967,1106.8120367018903,484.0,7.0,True,9,word,camel,4.0
1580.0,1271.3459777832031,1114.9355792999268,0.5032959580421448,0.7793949246406555,0.4966195225715637,0.7742608189582825,2.8905029296875,2.930404663085937,Fixation,1278.8915308967967,1106.8120367018903,484.0,7.0,True,9,word,camel,4.0
1584.0,1278.7188720703125,1113.5295009613037,0.5022509098052979,0.7715566158294678,0.4994995594024658,0.773284375667572,2.8587799072265625,2.912322998046875,Fixation,1278.8915308967967,1106.8120367018903,484.0,7.0,True,9,word,camel,4.0
1588.0,1286.6456604003906,1118.7892055511475,0.5016242265701294,0.7803714275360107,0.5025959610939026,0.776936948299408,2.8883209228515625,2.905975341796875,Fixation,1278.8915308967967,1106.8120367018903,484.0,7.0,True,9,word,camel,4.0
1592.0,1277.6766204833984,1110.0201416015625,0.503825306892395,0.7823210954666138,0.4990924298763275,0.7708473205566406,2.873443603515625,2.9077301025390625,Fixation,1278.8915308967967,1106.8120367018903,484.0,7.0,True,9,word,camel,4.0
1596.0,1277.5117492675781,1109.1176319122314,0.4995853900909424,0.7807636260986328,0.4990280270576477,0.7702205777168274,2.889495849609375,2.907135009765625,Fixation,1278.8915308967967,1106.8120367018903,484.0,7.0,True,9,word,camel,4.0
1600.0,1289.0225219726562,1106.8622589111328,0.5045753121376038,0.7785568237304688,0.5035244226455688,0.7686543464660645,2.8848876953125,2.8885650634765625,Fixation,1278.8915308967967,1106.8120367018903,484.0,7.0,True,9,word,camel,4.0
1604.0,1270.1274108886716,1118.429832458496,0.502637505531311,0.7840489149093628,0.4961435198783874,0.7766873836517334,2.8789825439453125,2.921112060546875,Fixation,1278.8915308967967,1106.8120367018903,484.0,7.0,True,9,word,camel,4.0
1608.0,1284.6340942382812,1102.3967456817627,0.5030430555343628,0.7801917791366577,0.5018101930618286,0.7655532956123352,2.8605499267578125,2.88934326171875,Fixation,1278.8915308967967,1106.8120367018903,484.0,7.0,True,9,word,camel,4.0
1612.0,1282.6409912109375,1107.3090076446533,0.5000945329666138,0.7736092805862427,0.5010316371917725,0.7689645886421204,2.861557006835937,2.9085845947265625,Fixation,1278.8915308967967,1106.8120367018903,484.0,7.0,True,9,word,camel,4.0
1616.0,1280.9327697753906,1106.1311531066895,0.5029731392860413,0.7778026461601257,0.500364363193512,0.7681466341018677,2.860992431640625,2.91015625,Fixation,1278.8915308967967,1106.8120367018903,484.0,7.0,True,9,word,camel,4.0
1620.0,1274.9884796142576,1113.341703414917,0.5089667439460754,0.7777315378189087,0.4980423748493194,0.7731539607048035,2.872421264648437,2.9275054931640625,Fixation,1278.8915308967967,1106.8120367018903,484.0,7.0,True,9,word,camel,4.0
1624.0,1276.9036102294922,1102.914047241211,0.5093882083892822,0.7729830741882324,0.4987904727458954,0.7659125328063965,2.884628295898437,2.8975372314453125,Fixation,1278.8915308967967,1106.8120367018903,484.0,7.0,True,9,word,camel,4.0
1628.0,1278.924331665039,1096.4351177215576,0.5051926970481873,0.776391863822937,0.4995798170566559,0.7614132761955261,2.8661651611328125,2.9065399169921875,Fixation,1278.8915308967967,1106.8120367018903,484.0,7.0,True,9,word,camel,4.0
1632.0,1280.8248901367188,1109.7863388061523,0.5032204389572144,0.7820646166801453,0.5003222227096558,0.7706849575042725,2.889495849609375,2.9228515625,Fixation,1278.8915308967967,1106.8120367018903,484.0,7.0,True,9,word,camel,4.0
1636.0,1279.2851257324219,1099.6351432800293,0.5110982656478882,0.7753238677978516,0.4997207522392273,0.763635516166687,2.852767944335937,2.900970458984375,Fixation,1278.8915308967967,1106.8120367018903,484.0,7.0,True,9,word,camel,4.0
1640.0,1278.6570739746094,1112.6317119598389,0.5076339840888977,0.7791919708251953,0.4994754195213318,0.7726609110832214,2.8795928955078125,2.9132537841796875,Fixation,1278.8915308967967,1106.8120367018903,484.0,7.0,True,9,word,camel,4.0
1644.0,1279.9910736083982,1109.3595027923584,0.5051652789115906,0.7817266583442688,0.4999965131282806,0.7703885436058044,2.889877319335937,2.8985137939453125,Fixation,1278.8915308967967,1106.8120367018903,484.0,7.0,True,9,word,camel,4.0
1648.0,1282.29248046875,1109.5995712280273,0.5071926116943359,0.7766333222389221,0.5008955001831055,0.7705552577972412,2.854461669921875,2.90338134765625,Fixation,1278.8915308967967,1106.8120367018903,484.0,7.0,True,9,word,camel,4.0
1652.0,1274.814682006836,1108.6578369140625,0.506496250629425,0.7782187461853027,0.4979744851589203,0.7699012756347656,2.875152587890625,2.926177978515625,Fixation,1278.8915308967967,1106.8120367018903,484.0,7.0,True,9,word,camel,4.0
1656.0,1275.9696197509766,1113.8937664031982,0.5087287425994873,0.776199460029602,0.4984256327152252,0.7735373377799988,2.86944580078125,2.9123992919921875,Fixation,1278.8915308967967,1106.8120367018903,484.0,7.0,True,9,word,camel,4.0
1660.0,1269.728088378906,1098.2934379577637,0.5079575777053833,0.7821825742721558,0.4959875345230102,0.7627037763595581,2.871185302734375,2.90509033203125,Fixation,1278.8915308967967,1106.8120367018903,484.0,7.0,True,9,word,camel,4.0
1664.0,1269.6427917480469,1109.2970180511475,0.5078209042549133,0.777386486530304,0.4959542155265808,0.770345151424408,2.8793182373046875,2.925079345703125,Fixation,1278.8915308967967,1106.8120367018903,484.0,7.0,True,9,word,camel,4.0
1668.0,1274.8089599609375,1103.3526420593262,0.504403829574585,0.7738625407218933,0.4979722499847412,0.7662171125411987,2.8669586181640625,2.9102783203125,Fixation,1278.8915308967967,1106.8120367018903,484.0,7.0,True,9,word,camel,4.0
1672.0,1271.90803527832,1103.3588218688965,0.5100791454315186,0.7785269618034363,0.4968390762805938,0.7662214040756226,2.8919677734375,2.906234741210937,Fixation,1278.8915308967967,1106.8120367018903,484.0,7.0,True,9,word,camel,4.0
1676.0,1276.3597106933594,1114.5752620697021,0.506605327129364,0.7728666663169861,0.4985780119895935,0.7740105986595154,2.8721160888671875,2.91009521484375,Fixation,1278.8915308967967,1106.8120367018903,484.0,7.0,True,9,word,camel,4.0
1680.0,1276.9239807128906,1103.8195610046387,0.5091971158981323,0.7809543013572693,0.4987984299659729,0.7665413618087769,2.883270263671875,2.8961639404296875,Fixation,1278.8915308967967,1106.8120367018903,484.0,7.0,True,9,word,camel,4.0
1684.0,1282.1585083007812,1108.9906883239746,0.5051693320274353,0.7821560502052307,0.5008431673049927,0.7701324224472046,2.8958282470703125,2.920928955078125,Fixation,1278.8915308967967,1106.8120367018903,484.0,7.0,True,9,word,camel,4.0
1688.0,1275.108642578125,1106.8535041809082,0.5111748576164246,0.7729005217552185,0.4980893135070801,0.7686482667922974,2.8593902587890625,2.900390625,Fixation,1278.8915308967967,1106.8120367018903,484.0,7.0,True,9,word,camel,4.0
1692.0,1277.5599670410154,1105.3517246246338,0.5064604878425598,0.7757039070129395,0.4990468621253967,0.7676053643226624,2.8789215087890625,2.912139892578125,Fixation,1278.8915308967967,1106.8120367018903,484.0,7.0,True,9,word,camel,4.0
1696.0,1275.9892272949216,1111.1237525939941,0.5066874623298645,0.7788276672363281,0.4984332919120788,0.7716137170791626,2.881820678710937,2.9253082275390625,Fixation,1278.8915308967967,1106.8120367018903,484.0,7.0,True,9,word,camel,4.0
1700.0,1284.1937255859375,1107.4039363861084,0.5016177296638489,0.7771956920623779,0.5016381740570068,0.7690305113792419,2.880401611328125,2.91253662109375,Fixation,1278.8915308967967,1106.8120367018903,484.0,7.0,True,9,word,camel,4.0
1704.0,1274.0380096435545,1106.145486831665,0.5096966624259949,0.782938539981842,0.4976710975170135,0.7681565880775452,2.8951568603515625,2.917236328125,Fixation,1278.8915308967967,1106.8120367018903,484.0,7.0,True,9,word,camel,4.0
1708.0,1277.041015625,1101.6589450836182,0.5045570135116577,0.7737843990325928,0.4988441467285156,0.765040934085846,2.8772430419921875,2.91583251953125,Fixation,1278.8915308967967,1106.8120367018903,484.0,7.0,True,9,word,camel,4.0
1712.0,1279.5826721191406,1101.7230606079102,0.5072808861732483,0.78108811378479,0.4998369812965393,0.7650854587554932,2.905517578125,2.8952178955078125,Fixation,1278.8915308967967,1106.8120367018903,484.0,7.0,True,9,word,camel,4.0
1716.0,1282.469482421875,1110.1771259307861,0.5050892233848572,0.7737874388694763,0.5009646415710449,0.7709563374519348,2.859237670898437,2.9210205078125,Fixation,1278.8915308967967,1106.8120367018903,484.0,7.0,True,9,word,camel,4.0
1720.0,1289.1893005371094,1104.6453380584717,0.5029517412185669,0.7799669504165649,0.5035895705223083,0.7671148180961609,2.8844757080078125,2.901611328125,Fixation,1278.8915308967967,1106.8120367018903,484.0,7.0,True,9,word,camel,4.0
1724.0,1291.5692138671875,1094.0287685394287,0.5003919005393982,0.7780340313911438,0.5045192241668701,0.7597422003746033,2.882476806640625,2.9090576171875,Fixation,1278.8915308967967,1106.8120367018903,484.0,7.0,True,9,word,camel,4.0
1728.0,1276.7206573486328,1092.5787448883057,0.5038020610809326,0.774277925491333,0.4987190067768097,0.7587352395057678,2.878265380859375,2.9028472900390625,Fixation,1278.8915308967967,1106.8120367018903,484.0,7.0,True,9,word,camel,4.0
1732.0,1280.6321716308594,1105.006685256958,0.5016465187072754,0.7815433144569397,0.5002469420433044,0.7673657536506653,2.9037628173828125,2.9126129150390625,Fixation,1278.8915308967967,1106.8120367018903,484.0,7.0,True,9,word,camel,4.0
1736.0,1279.8213195800781,1112.0957851409912,0.5065949559211731,0.7794691920280457,0.499930202960968,0.7722887396812439,2.8924713134765625,2.9354400634765625,Fixation,1278.8915308967967,1106.8120367018903,484.0,7.0,True,9,word,camel,4.0
1740.0,1278.4183502197266,1105.3263187408447,0.5028116106987,0.7767713069915771,0.4993821680545807,0.7675877213478088,2.877899169921875,2.918685913085937,Fixation,1278.8915308967967,1106.8120367018903,484.0,7.0,True,9,word,camel,4.0
1744.0,1285.5661010742188,1100.6363582611084,0.5015570521354675,0.7762758135795593,0.5021742582321167,0.7643308043479919,2.8727569580078125,2.9029083251953125,Fixation,1278.8915308967967,1106.8120367018903,484.0,7.0,True,9,word,camel,4.0
1748.0,1281.6552734375,1103.2831192016602,0.5049818158149719,0.7760468125343323,0.5006465911865234,0.7661688327789307,2.8952178955078125,2.9159088134765625,Fixation,1278.8915308967967,1106.8120367018903,484.0,7.0,True,9,word,camel,4.0
1752.0,1279.5003509521484,1104.594955444336,0.501187801361084,0.7706893086433411,0.499804824590683,0.7670798301696777,2.8919677734375,2.94573974609375,Fixation,1278.8915308967967,1106.8120367018903,484.0,7.0,True,9,word,camel,4.0
1756.0,1279.2724609374998,1102.8858947753906,0.5051215887069702,0.7625811696052551,0.4997158050537109,0.7658929824829102,2.8778076171875,2.9302978515625,Fixation,1278.8915308967967,1106.8120367018903,484.0,7.0,True,9,word,camel,4.0
1760.0,1271.6856384277341,1093.2582664489746,0.5029157996177673,0.7760981321334839,0.4967522025108337,0.7592071294784546,2.8895263671875,2.9178009033203125,Fixation,1278.8915308967967,1106.8120367018903,484.0,7.0,True,9,word,camel,4.0
1764.0,1273.8766479492188,1111.0023880004883,0.5059495568275452,0.7661839723587036,0.4976080656051636,0.7715294361114502,2.883636474609375,2.9354400634765625,Fixation,1278.8915308967967,1106.8120367018903,484.0,7.0,True,9,word,camel,4.0
1768.0,1282.7642822265625,1101.4444541931152,0.5093283653259277,0.7689785361289978,0.501079797744751,0.7648919820785522,2.88128662109375,2.931137084960937,Fixation,1278.8915308967967,1106.8120367018903,484.0,7.0,True,9,word,camel,4.0
1772.0,1281.7225646972656,1101.879186630249,0.5073109865188599,0.7748883962631226,0.5006728768348694,0.7651938796043396,2.9152374267578125,2.9295196533203125,Fixation,1278.8915308967967,1106.8120367018903,484.0,7.0,True,9,word,camel,4.0
1776.0,1278.5975646972656,1106.4689826965332,0.5014243721961975,0.7679625749588013,0.4994521737098694,0.7683812379837036,2.8882598876953125,2.934234619140625,Fixation,1278.8915308967967,1106.8120367018903,484.0,7.0,True,9,word,camel,4.0
1780.0,1279.1629791259766,1110.2688789367676,0.5128005146980286,0.7699681520462036,0.4996730387210846,0.7710200548171997,2.88763427734375,2.9463043212890625,Fixation,1278.8915308967967,1106.8120367018903,484.0,7.0,True,9,word,camel,4.0
1784.0,1275.7325744628904,1103.2062149047852,0.5097730159759521,0.7627825736999512,0.4983330368995666,0.7661154270172119,2.86383056640625,2.9389190673828125,Fixation,1278.8915308967967,1106.8120367018903,484.0,7.0,True,9,word,camel,4.0
1788.0,1271.1502075195312,1106.592149734497,0.5067305564880371,0.7691890597343445,0.4965430498123169,0.7684667706489563,2.89105224609375,2.937484741210937,Fixation,1278.8915308967967,1106.8120367018903,484.0,7.0,True,9,word,camel,4.0
1792.0,1272.5988006591795,1101.2795734405518,0.5093010067939758,0.7637378573417664,0.497108906507492,0.7647774815559387,2.8788604736328125,2.917816162109375,Fixation,1278.8915308967967,1106.8120367018903,484.0,7.0,True,9,word,camel,4.0
1796.0,1270.8395385742188,1108.061227798462,0.5103063583374023,0.7592719793319702,0.4964216947555542,0.7694869637489319,2.8795166015625,2.9336700439453125,Fixation,1278.8915308967967,1106.8120367018903,484.0,7.0,True,9,word,camel,4.0
1800.0,1277.7525329589841,1101.7173099517822,0.5078864097595215,0.7692165970802307,0.4991220831871032,0.7650814652442932,2.8902130126953125,2.92431640625,Fixation,1278.8915308967967,1106.8120367018903,484.0,7.0,True,9,word,camel,4.0
1804.0,1278.6108398437498,1101.1621570587158,0.510564386844635,0.7674812078475952,0.4994573593139648,0.764695942401886,2.879486083984375,2.9332733154296875,Fixation,1278.8915308967967,1106.8120367018903,484.0,7.0,True,9,word,camel,4.0
1808.0,1281.6989135742188,1110.1548099517822,0.5067570805549622,0.7790838479995728,0.5006636381149292,0.7709408402442932,2.895782470703125,2.96026611328125,Fixation,1278.8915308967967,1106.8120367018903,484.0,7.0,True,9,word,camel,4.0
1812.0,1280.2420043945312,1106.1864280700684,0.5073840618133545,0.7732988595962524,0.5000945329666138,0.768185019493103,2.89288330078125,2.942169189453125,Fixation,1278.8915308967967,1106.8120367018903,484.0,7.0,True,9,word,camel,4.0
1816.0,1286.3963317871094,1106.2107181549072,0.508550763130188,0.7694323062896729,0.5024985671043396,0.7682018876075745,2.9073486328125,2.919052124023437,Fixation,1278.8915308967967,1106.8120367018903,484.0,7.0,True,9,word,camel,4.0
1820.0,1279.365997314453,1102.1885204315186,0.5053799152374268,0.768861711025238,0.4997523427009582,0.7654086947441101,2.889389038085937,2.908798217773437,Fixation,1278.8915308967967,1106.8120367018903,484.0,7.0,True,9,word,camel,4.0
1824.0,1282.4105834960938,1112.751703262329,0.5051006078720093,0.7745370268821716,0.5009416341781616,0.7727442383766174,2.8814849853515625,2.9449920654296875,Fixation,1278.8915308967967,1106.8120367018903,484.0,7.0,True,9,word,camel,4.0
1828.0,1282.7366638183594,1108.2601833343506,0.4993740320205688,0.7699823975563049,0.5010690093040466,0.7696251273155212,2.894149780273437,2.93243408203125,Fixation,1278.8915308967967,1106.8120367018903,484.0,7.0,True,9,word,camel,4.0
1832.0,1289.1871643066406,1112.5829601287842,0.5043980479240417,0.764877200126648,0.5035887360572815,0.772627055644989,2.8627471923828125,2.938629150390625,Fixation,1278.8915308967967,1106.8120367018903,484.0,7.0,True,9,word,camel,4.0
1836.0,1312.9103088378906,1113.4318256378174,0.5149878263473511,0.7745118737220764,0.512855589389801,0.7732165455818176,2.8916168212890625,2.939178466796875,Fixation,1278.8915308967967,1106.8120367018903,484.0,7.0,True,9,word,camel,4.0
1840.0,1350.6150817871094,1116.7219734191895,0.5289788246154785,0.7781230211257935,0.5275840163230896,0.7755013704299927,2.919036865234375,2.9550933837890625,Fixation,1278.8915308967967,1106.8120367018903,484.0,7.0,True,9,word,camel,4.0
1844.0,1365.4008483886719,1118.073034286499,0.5386992692947388,0.7771356701850891,0.533359706401825,0.7764396071434021,2.909393310546875,2.9557342529296875,Fixation,1372.1895234481149,1108.0513460739799,88.0,8.0,True,10,word,in,5.0
1848.0,1370.8830261230469,1121.5954399108887,0.5362391471862793,0.7742658257484436,0.5355011820793152,0.7788857221603394,2.902618408203125,2.9312286376953125,Fixation,1372.1895234481149,1108.0513460739799,88.0,8.0,True,10,word,in,5.0
1852.0,1361.7890930175781,1113.0475616455078,0.5349106788635254,0.7803385853767395,0.5319488644599915,0.7729496955871582,2.9116363525390625,2.9373779296875,Fixation,1372.1895234481149,1108.0513460739799,88.0,8.0,True,10,word,in,5.0
1856.0,1362.7293395996094,1116.5588092803955,0.5346543192863464,0.7796235680580139,0.5323161482810974,0.7753880620002747,2.9196014404296875,2.937240600585937,Fixation,1372.1895234481149,1108.0513460739799,88.0,8.0,True,10,word,in,5.0
1860.0,1353.7916564941406,1123.113784790039,0.5366334319114685,0.7819252610206604,0.5288248658180237,0.779940128326416,2.90618896484375,2.9362945556640625,Fixation,1372.1895234481149,1108.0513460739799,88.0,8.0,True,10,word,in,5.0
1864.0,1364.11865234375,1115.6323528289795,0.5340301394462585,0.7799614667892456,0.5328588485717773,0.7747446894645691,2.9109344482421875,2.947738647460937,Fixation,1372.1895234481149,1108.0513460739799,88.0,8.0,True,10,word,in,5.0
1868.0,1364.8039245605469,1109.9071884155273,0.5360904932022095,0.7834159135818481,0.5331265330314636,0.7707688808441162,2.910064697265625,2.9140625,Fixation,1372.1895234481149,1108.0513460739799,88.0,8.0,True,10,word,in,5.0
1872.0,1365.7765197753906,1109.4993209838867,0.5358244180679321,0.7846307754516602,0.533506453037262,0.7704856395721436,2.9102935791015625,2.928314208984375,Fixation,1372.1895234481149,1108.0513460739799,88.0,8.0,True,10,word,in,5.0
1876.0,1368.8845825195312,1116.7798233032227,0.5347696542739868,0.7842005491256714,0.5347205400466919,0.7755415439605713,2.90960693359375,2.959930419921875,Fixation,1372.1895234481149,1108.0513460739799,88.0,8.0,True,10,word,in,5.0
1880.0,1373.851318359375,1109.7640228271484,0.5362752676010132,0.7770597338676453,0.5366606712341309,0.7706694602966309,2.890472412109375,2.94317626953125,Fixation,1372.1895234481149,1108.0513460739799,88.0,8.0,True,10,word,in,5.0
1884.0,1380.1348876953125,1103.7329578399658,0.5393103361129761,0.7818204760551453,0.5391151905059814,0.7664812207221985,2.912750244140625,2.9288482666015625,Fixation,1372.1895234481149,1108.0513460739799,88.0,8.0,True,10,word,in,5.0
1888.0,1368.5877990722656,1109.0524864196777,0.533757209777832,0.7816281914710999,0.5346046090126038,0.7701753377914429,2.8986968994140625,2.972686767578125,Fixation,1372.1895234481149,1108.0513460739799,88.0,8.0,True,10,word,in,5.0
1892.0,1369.9041748046875,1116.3792514801025,0.5403749346733093,0.7793627381324768,0.535118818283081,0.7752633690834045,2.9096221923828125,2.948089599609375,Fixation,1372.1895234481149,1108.0513460739799,88.0,8.0,True,10,word,in,5.0
1896.0,1374.4834899902344,1101.2194061279297,0.5381604433059692,0.7782696485519409,0.5369076132774353,0.7647356986999512,2.895050048828125,2.954452514648437,Fixation,1372.1895234481149,1108.0513460739799,88.0,8.0,True,10,word,in,5.0
1900.0,1372.9655456542969,1095.3100490570068,0.5403472781181335,0.7885356545448303,0.5363146662712097,0.7606319785118103,2.914886474609375,2.9362335205078125,Fixation,1372.1895234481149,1108.0513460739799,88.0,8.0,True,10,word,in,5.0
1904.0,1373.6636352539062,1100.2431678771973,0.5404346585273743,0.7732216715812683,0.5365873575210571,0.7640577554702759,2.8960113525390625,2.9591827392578125,Fixation,1372.1895234481149,1108.0513460739799,88.0,8.0,True,10,word,in,5.0
1908.0,1366.3771057128906,1089.0449237823486,0.5416870713233948,0.7799329161643982,0.5337410569190979,0.7562811970710754,2.9148712158203125,2.94439697265625,Fixation,1372.1895234481149,1108.0513460739799,88.0,8.0,True,10,word,in,5.0
1912.0,1367.4906921386719,1096.5633487701416,0.5403353571891785,0.7821709513664246,0.5341760516166687,0.7615023255348206,2.9003143310546875,2.938018798828125,Fixation,1372.1895234481149,1108.0513460739799,88.0,8.0,True,10,word,in,5.0
1916.0,1370.765380859375,1103.1228733062744,0.5409949421882629,0.7780945301055908,0.5354552268981934,0.766057550907135,2.900360107421875,2.939559936523437,Fixation,1372.1895234481149,1108.0513460739799,88.0,8.0,True,10,word,in,5.0
1920.0,1362.0170593261719,1111.7821598052979,0.5380949378013611,0.784870445728302,0.5320379137992859,0.7720709443092346,2.919296264648437,2.9726104736328125,Fixation,1372.1895234481149,1108.0513460739799,88.0,8.0,True,10,word,in,5.0
1924.0,1372.0791625976562,1100.1789665222168,0.5400952100753784,0.7799027562141418,0.5359684228897095,0.7640131711959839,2.8960418701171875,2.962066650390625,Fixation,1372.1895234481149,1108.0513460739799,88.0,8.0,True,10,word,in,5.0
1928.0,1393.6918640136719,1101.064052581787,0.5466651320457458,0.780712902545929,0.5444108843803406,0.7646278142929077,2.893051147460937,2.9579315185546875,Fixation,1372.1895234481149,1108.0513460739799,88.0,8.0,True,10,word,in,5.0
1932.0,1436.1692810058594,1103.515977859497,0.5553896427154541,0.7810999751091003,0.5610036253929138,0.7663305401802063,2.8943328857421875,2.9702301025390625,Fixation,1372.1895234481149,1108.0513460739799,88.0,8.0,True,10,word,in,5.0
1936.0,1467.2807312011719,1108.7175750732422,0.570527195930481,0.7829462885856628,0.5731565356254578,0.7699427604675293,2.9072265625,2.982269287109375,Fixation,1464.3572021484374,1111.0428983688355,196.0,9.0,True,11,word,front,6.0
1940.0,1487.2438049316406,1109.7867679595947,0.5743061304092407,0.7824407815933228,0.5809546113014221,0.7706852555274963,2.8909149169921875,2.972808837890625,Fixation,1464.3572021484374,1111.0428983688355,196.0,9.0,True,11,word,front,6.0
1944.0,1470.6632995605469,1101.7864894866943,0.5754767060279846,0.7758176326751709,0.5744778513908386,0.7651295065879822,2.92669677734375,2.964935302734375,Fixation,1464.3572021484374,1111.0428983688355,196.0,9.0,True,11,word,front,6.0
1948.0,1450.2354431152344,1112.0736408233643,0.5743691325187683,0.7858861088752747,0.5664982199668884,0.7722733616828918,2.9184112548828125,2.9721221923828125,Fixation,1464.3572021484374,1111.0428983688355,196.0,9.0,True,11,word,front,6.0
1952.0,1459.5506286621094,1101.0349559783936,0.5750982165336609,0.7839468717575073,0.5701369643211365,0.7646076083183289,2.92071533203125,2.9550018310546875,Fixation,1464.3572021484374,1111.0428983688355,196.0,9.0,True,11,word,front,6.0
1956.0,1459.464111328125,1102.0899868011475,0.5682490468025208,0.7766214609146118,0.5701031684875488,0.765340268611908,2.89385986328125,2.960235595703125,Fixation,1464.3572021484374,1111.0428983688355,196.0,9.0,True,11,word,front,6.0
1960.0,1455.6828308105469,1104.8679828643799,0.5709792375564575,0.7824525833129883,0.5686261057853699,0.7672694325447083,2.898773193359375,2.95257568359375,Fixation,1464.3572021484374,1111.0428983688355,196.0,9.0,True,11,word,front,6.0
1964.0,1452.823486328125,1113.9491271972656,0.569804310798645,0.7853004932403564,0.5675091743469238,0.7735757827758789,2.9085845947265625,2.9731597900390625,Fixation,1464.3572021484374,1111.0428983688355,196.0,9.0,True,11,word,front,6.0
1968.0,1453.3026123046875,1098.599681854248,0.5694919228553772,0.7852744460105896,0.5676963329315186,0.7629164457321167,2.913726806640625,2.948272705078125,Fixation,1464.3572021484374,1111.0428983688355,196.0,9.0,True,11,word,front,6.0
1972.0,1448.9752197265625,1105.7418251037598,0.5711594223976135,0.7830365300178528,0.5660059452056885,0.7678762674331665,2.911285400390625,2.956527709960937,Fixation,1464.3572021484374,1111.0428983688355,196.0,9.0,True,11,word,front,6.0
1976.0,1450.4571533203125,1108.8349914550781,0.5732752680778503,0.7833403944969177,0.5665848255157471,0.770024299621582,2.9196929931640625,2.98931884765625,Fixation,1464.3572021484374,1111.0428983688355,196.0,9.0,True,11,word,front,6.0
1980.0,1457.4249267578125,1096.3829326629639,0.5724593997001648,0.7798628807067871,0.5693066120147705,0.7613770365715027,2.899322509765625,2.96923828125,Fixation,1464.3572021484374,1111.0428983688355,196.0,9.0,True,11,word,front,6.0
1984.0,1455.9492492675781,1100.2379322052002,0.5652645826339722,0.786020040512085,0.5687301754951477,0.7640541195869446,2.908203125,2.939483642578125,Fixation,1464.3572021484374,1111.0428983688355,196.0,9.0,True,11,word,front,6.0
1988.0,1452.1560668945312,1099.1775798797607,0.5676798820495605,0.7905740141868591,0.5672484636306763,0.7633177638053894,2.934814453125,2.9711151123046875,Fixation,1464.3572021484374,1111.0428983688355,196.0,9.0,True,11,word,front,6.0
1992.0,1452.3951721191406,1105.1738834381104,0.5707990527153015,0.7904755473136902,0.5673418641090393,0.7674818634986877,2.9173126220703125,2.9687957763671875,Fixation,1464.3572021484374,1111.0428983688355,196.0,9.0,True,11,word,front,6.0
1996.0,1446.40625,1111.32004737854,0.5665345788002014,0.7905237078666687,0.56500244140625,0.7717500329017639,2.917694091796875,2.9854278564453125,Fixation,1464.3572021484374,1111.0428983688355,196.0,9.0,True,11,word,front,6.0
2000.0,1459.2811584472656,1117.496166229248,0.5733503103256226,0.7823930382728577,0.5700317025184631,0.7760390043258667,2.884124755859375,2.985214233398437,Fixation,1464.3572021484374,1111.0428983688355,196.0,9.0,True,11,word,front,6.0
2004.0,1465.0314331054688,1109.906930923462,0.5652579069137573,0.785709023475647,0.5722779035568237,0.7707687020301819,2.9053955078125,2.983917236328125,Fixation,1464.3572021484374,1111.0428983688355,196.0,9.0,True,11,word,front,6.0
2008.0,1454.0876770019531,1104.1816806793213,0.5683679580688477,0.7839514017105103,0.5680029988288879,0.7667928338050842,2.8956451416015625,2.97222900390625,Fixation,1464.3572021484374,1111.0428983688355,196.0,9.0,True,11,word,front,6.0
2012.0,1449.9336242675781,1114.7947311401367,0.5749084949493408,0.7835664749145508,0.5663803219795227,0.774163007736206,2.911239624023437,2.977874755859375,Fixation,1464.3572021484374,1111.0428983688355,196.0,9.0,True,11,word,front,6.0
2016.0,1456.8141174316406,1103.77836227417,0.5716199278831482,0.7793263792991638,0.5690680146217346,0.7665127515792847,2.890365600585937,2.9694061279296875,Fixation,1464.3572021484374,1111.0428983688355,196.0,9.0,True,11,word,front,6.0
2020.0,1460.533447265625,1095.9150695800781,0.5723094344139099,0.7802613377571106,0.5705208778381348,0.761052131652832,2.9185791015625,2.968505859375,Fixation,1464.3572021484374,1111.0428983688355,196.0,9.0,True,11,word,front,6.0
2024.0,1459.4691467285156,1101.1645603179932,0.5755393505096436,0.7783229351043701,0.5701051354408264,0.7646976113319397,2.920150756835937,2.945053100585937,Fixation,1464.3572021484374,1111.0428983688355,196.0,9.0,True,11,word,front,6.0
2028.0,1460.6179809570312,1108.5267734527588,0.5744984149932861,0.7730481028556824,0.5705538988113403,0.7698102593421936,2.9070281982421875,2.9707183837890625,Fixation,1464.3572021484374,1111.0428983688355,196.0,9.0,True,11,word,front,6.0
2032.0,1460.1033020019531,1108.0462074279785,0.5734200477600098,0.781196653842926,0.5703528523445129,0.7694765329360962,2.92425537109375,2.981536865234375,Fixation,1464.3572021484374,1111.0428983688355,196.0,9.0,True,11,word,front,6.0
2036.0,1460.8929443359375,1100.7374668121338,0.5737195014953613,0.7771567106246948,0.5706613063812256,0.7644010186195374,2.9290008544921875,2.9676666259765625,Fixation,1464.3572021484374,1111.0428983688355,196.0,9.0,True,11,word,front,6.0
2040.0,1466.8952941894531,1119.721326828003,0.5760239362716675,0.7784847021102905,0.5730059742927551,0.7775842547416687,2.926361083984375,2.99005126953125,Fixation,1464.3572021484374,1111.0428983688355,196.0,9.0,True,11,word,front,6.0
2044.0,1467.3516845703125,1110.2321434020996,0.5730624794960022,0.7820900678634644,0.5731842517852783,0.7709945440292358,2.9234771728515625,2.9745635986328125,Fixation,1464.3572021484374,1111.0428983688355,196.0,9.0,True,11,word,front,6.0
2048.0,1464.6914672851562,1114.399995803833,0.5730748772621155,0.7799638509750366,0.5721451044082642,0.773888885974884,2.9173126220703125,2.980682373046875,Fixation,1464.3572021484374,1111.0428983688355,196.0,9.0,True,11,word,front,6.0
2052.0,1462.2406005859375,1107.9696464538574,0.5794804096221924,0.7799708843231201,0.5711877346038818,0.7694233655929565,2.928466796875,2.965301513671875,Fixation,1464.3572021484374,1111.0428983688355,196.0,9.0,True,11,word,front,6.0
2056.0,1462.5907897949219,1108.6218738555908,0.5783434510231018,0.7830234169960022,0.5713245272636414,0.7698763012886047,2.92547607421875,2.9746246337890625,Fixation,1464.3572021484374,1111.0428983688355,196.0,9.0,True,11,word,front,6.0
2060.0,1466.9155883789062,1116.3143634796143,0.5745177268981934,0.7719180583953857,0.5730139017105103,0.7752183079719543,2.915878295898437,2.988555908203125,Fixation,1464.3572021484374,1111.0428983688355,196.0,9.0,True,11,word,front,6.0
2064.0,1466.3360595703125,1109.618968963623,0.5706204771995544,0.7794959545135498,0.5727875232696533,0.7705687284469604,2.9464874267578125,2.982040405273437,Fixation,1464.3572021484374,1111.0428983688355,196.0,9.0,True,11,word,front,6.0
2068.0,1466.6593933105469,1106.5913772583008,0.5768349170684814,0.7723638415336609,0.5729138255119324,0.7684662342071533,2.9248199462890625,2.970703125,Fixation,1464.3572021484374,1111.0428983688355,196.0,9.0,True,11,word,front,6.0
2072.0,1471.1790466308594,1116.5322875976562,0.5737907886505127,0.7711434364318848,0.5746793150901794,0.7753696441650391,2.9302215576171875,2.9755096435546875,Fixation,1464.3572021484374,1111.0428983688355,196.0,9.0,True,11,word,front,6.0
2076.0,1468.5995483398438,1121.023292541504,0.5747056007385254,0.7765352725982666,0.5736716985702515,0.7784883975982666,2.9324188232421875,2.96807861328125,Fixation,1464.3572021484374,1111.0428983688355,196.0,9.0,True,11,word,front,6.0
2080.0,1466.336669921875,1117.6564121246338,0.5722060203552246,0.7773434519767761,0.5727877616882324,0.7761502861976624,2.9264068603515625,2.9917449951171875,Fixation,1464.3572021484374,1111.0428983688355,196.0,9.0,True,11,word,front,6.0
2084.0,1472.9713439941406,1119.2957782745361,0.5754058361053467,0.7782886028289795,0.5753794312477112,0.7772887349128723,2.928085327148437,2.992919921875,Fixation,1464.3572021484374,1111.0428983688355,196.0,9.0,True,11,word,front,6.0
2088.0,1463.1788635253906,1119.577989578247,0.5741502642631531,0.7677881717681885,0.5715542435646057,0.7774847149848938,2.92144775390625,2.9721832275390625,Fixation,1464.3572021484374,1111.0428983688355,196.0,9.0,True,11,word,front,6.0
2092.0,1468.258056640625,1120.0267124176025,0.5776413679122925,0.7743070721626282,0.5735383033752441,0.7777963280677795,2.9377593994140625,2.9798736572265625,Fixation,1464.3572021484374,1111.0428983688355,196.0,9.0,True,11,word,front,6.0
2096.0,1461.9200134277344,1108.5943222045898,0.5739896297454834,0.7691760063171387,0.5710625052452087,0.7698571681976318,2.921844482421875,2.9798126220703125,Fixation,1464.3572021484374,1111.0428983688355,196.0,9.0,True,11,word,front,6.0
2100.0,1468.0108642578125,1121.141653060913,0.5717169046401978,0.7715175747871399,0.573441743850708,0.7785705924034119,2.936309814453125,2.983383178710937,Fixation,1464.3572021484374,1111.0428983688355,196.0,9.0,True,11,word,front,6.0
2104.0,1463.8394165039062,1115.0907611846924,0.5733770132064819,0.7741828560829163,0.5718122720718384,0.7743685841560364,2.916412353515625,2.96417236328125,Fixation,1464.3572021484374,1111.0428983688355,196.0,9.0,True,11,word,front,6.0
2108.0,1465.08056640625,1117.9591369628906,0.5738987326622009,0.7714341878890991,0.5722970962524414,0.7763605117797852,2.925872802734375,2.9663848876953125,Fixation,1464.3572021484374,1111.0428983688355,196.0,9.0,True,11,word,front,6.0
2112.0,1466.6868591308594,1120.6910419464111,0.5694277286529541,0.77781081199646,0.5729245543479919,0.7782576680183411,2.935043334960937,2.973388671875,Fixation,1464.3572021484374,1111.0428983688355,196.0,9.0,True,11,word,front,6.0
2116.0,1472.0370483398438,1119.9585628509521,0.5750225186347961,0.772719144821167,0.5750144720077515,0.7777490019798279,2.927978515625,2.975341796875,Fixation,1464.3572021484374,1111.0428983688355,196.0,9.0,True,11,word,front,6.0
2120.0,1469.0206909179688,1119.7382354736328,0.5733162760734558,0.774448573589325,0.5738362073898315,0.7775959968566895,2.9339599609375,2.9894561767578125,Fixation,1464.3572021484374,1111.0428983688355,196.0,9.0,True,11,word,front,6.0
2124.0,1480.1792907714844,1122.7047157287598,0.5734019875526428,0.7652460932731628,0.5781950354576111,0.7796560525894165,2.9037017822265625,2.983062744140625,Fixation,1464.3572021484374,1111.0428983688355,196.0,9.0,True,11,word,front,6.0
2128.0,1499.5010375976562,1130.2015972137451,0.5841743350028992,0.7729809880256653,0.5857425928115845,0.784862220287323,2.9487457275390625,2.9928741455078125,Fixation,1464.3572021484374,1111.0428983688355,196.0,9.0,True,11,word,front,6.0
2132.0,1530.6040954589844,1124.1593742370605,0.5972192883491516,0.7712357640266418,0.5978922247886658,0.7806662321090698,2.911834716796875,3.0102081298828125,Fixation,1464.3572021484374,1111.0428983688355,196.0,9.0,True,11,word,front,6.0
2136.0,1576.95068359375,1122.3946952819824,0.6097606420516968,0.7694575190544128,0.6159963607788086,0.7794407606124878,2.916122436523437,2.9964599609375,Fixation,1644.2043841326679,1123.8405752182007,212.0,10.0,True,12,word,boat,9.0
2140.0,1608.1724548339844,1123.6054229736328,0.6246445178985596,0.7706475853919983,0.6281923651695251,0.7802815437316895,2.931732177734375,2.99676513671875,Fixation,1644.2043841326679,1123.8405752182007,212.0,10.0,True,12,word,boat,9.0
2144.0,1627.2747802734375,1139.306344985962,0.626512885093689,0.7788034081459045,0.6356542110443115,0.7911849617958069,2.9447479248046875,2.9922332763671875,Fixation,1644.2043841326679,1123.8405752182007,212.0,10.0,True,12,word,boat,9.0
2148.0,1636.4700317382812,1127.6141452789307,0.6367847323417664,0.7742534279823303,0.6392461061477661,0.7830653786659241,2.932098388671875,2.990570068359375,Fixation,1644.2043841326679,1123.8405752182007,212.0,10.0,True,12,word,boat,9.0
2152.0,1656.3442993164062,1116.1121463775635,0.6434276103973389,0.771142303943634,0.6470094919204712,0.7750778794288635,2.9323272705078125,2.965072631835937,Fixation,1644.2043841326679,1123.8405752182007,212.0,10.0,True,12,word,boat,9.0
2156.0,1657.9939270019531,1129.0160179138184,0.6446043252944946,0.7709128260612488,0.6476538777351379,0.7840389013290405,2.92755126953125,2.9904937744140625,Fixation,1644.2043841326679,1123.8405752182007,212.0,10.0,True,12,word,boat,9.0
2160.0,1651.3954162597656,1126.0026741027832,0.6488728523254395,0.7823286652565002,0.645076334476471,0.7819463014602661,2.9385986328125,2.983612060546875,Fixation,1644.2043841326679,1123.8405752182007,212.0,10.0,True,12,word,boat,9.0
2164.0,1647.0263671875,1122.8586959838867,0.6467927098274231,0.7700844407081604,0.6433696746826172,0.7797629833221436,2.919891357421875,2.987289428710937,Fixation,1644.2043841326679,1123.8405752182007,212.0,10.0,True,12,word,boat,9.0
2168.0,1642.2694396972656,1127.106113433838,0.642602801322937,0.7754384875297546,0.6415114998817444,0.7827125787734985,2.92156982421875,2.9934539794921875,Fixation,1644.2043841326679,1123.8405752182007,212.0,10.0,True,12,word,boat,9.0
2172.0,1642.7450561523438,1128.888816833496,0.6429376602172852,0.7767853140830994,0.6416972875595093,0.7839505672454834,2.928863525390625,2.9762725830078125,Fixation,1644.2043841326679,1123.8405752182007,212.0,10.0,True,12,word,boat,9.0
2176.0,1643.9952087402344,1123.2766914367676,0.6454179286956787,0.7760671973228455,0.642185628414154,0.7800532579421997,2.91845703125,2.999740600585937,Fixation,1644.2043841326679,1123.8405752182007,212.0,10.0,True,12,word,boat,9.0
2180.0,1645.6837463378906,1122.648754119873,0.6458467841148376,0.7784308195114136,0.6428452134132385,0.779617190361023,2.920440673828125,2.9968414306640625,Fixation,1644.2043841326679,1123.8405752182007,212.0,10.0,True,12,word,boat,9.0
2184.0,1639.3267822265625,1126.9327354431152,0.6419508457183838,0.7860935926437378,0.640362024307251,0.7825921773910522,2.9349365234375,3.0010986328125,Fixation,1644.2043841326679,1123.8405752182007,212.0,10.0,True,12,word,boat,9.0
2188.0,1649.7740173339844,1122.4188995361328,0.64801424741745,0.770637571811676,0.6444429755210876,0.7794575691223145,2.902923583984375,2.9810333251953125,Fixation,1644.2043841326679,1123.8405752182007,212.0,10.0,True,12,word,boat,9.0
2192.0,1646.8521118164062,1117.7871322631836,0.6464690566062927,0.775567889213562,0.6433016061782837,0.7762410640716553,2.9034576416015625,2.985870361328125,Fixation,1644.2043841326679,1123.8405752182007,212.0,10.0,True,12,word,boat,9.0
2196.0,1644.6632385253906,1122.4649047851562,0.6464280486106873,0.7756231427192688,0.6424465775489807,0.7794895172119141,2.935546875,3.0023345947265625,Fixation,1644.2043841326679,1123.8405752182007,212.0,10.0,True,12,word,boat,9.0
2200.0,1637.85888671875,1132.0811176300049,0.6453195810317993,0.7777652740478516,0.6397886276245117,0.7861674427986145,2.9072265625,2.990951538085937,Fixation,1644.2043841326679,1123.8405752182007,212.0,10.0,True,12,word,boat,9.0
2204.0,1643.8169860839844,1125.139389038086,0.6450874209403992,0.7774038314819336,0.6421160101890564,0.7813467979431152,2.9168853759765625,2.9856414794921875,Fixation,1644.2043841326679,1123.8405752182007,212.0,10.0,True,12,word,boat,9.0
2208.0,1645.4983520507812,1114.8593616485596,0.6445283889770508,0.7711713314056396,0.6427727937698364,0.7742078900337219,2.91424560546875,2.9939117431640625,Fixation,1644.2043841326679,1123.8405752182007,212.0,10.0,True,12,word,boat,9.0
2212.0,1645.8468627929688,1121.0589981079102,0.6456940770149231,0.7744346857070923,0.6429089307785034,0.7785131931304932,2.9271697998046875,2.9820098876953125,Fixation,1644.2043841326679,1123.8405752182007,212.0,10.0,True,12,word,boat,9.0
2216.0,1646.9338989257812,1128.9951610565186,0.6477984189987183,0.7722235321998596,0.6433335542678833,0.7840244174003601,2.911529541015625,2.991806030273437,Fixation,1644.2043841326679,1123.8405752182007,212.0,10.0,True,12,word,boat,9.0
2220.0,1652.6849365234375,1126.9122219085693,0.6497549414634705,0.7674142122268677,0.6455800533294678,0.7825779318809509,2.9048614501953125,2.9930572509765625,Fixation,1644.2043841326679,1123.8405752182007,212.0,10.0,True,12,word,boat,9.0
2224.0,1651.5234375,1123.245792388916,0.6490521430969238,0.7721392512321472,0.6451263427734375,0.7800318002700806,2.9241485595703125,2.980575561523437,Fixation,1644.2043841326679,1123.8405752182007,212.0,10.0,True,12,word,boat,9.0
2228.0,1642.3765563964844,1129.8792171478271,0.6483860015869141,0.7763020396232605,0.6415533423423767,0.7846383452415466,2.9116668701171875,2.98101806640625,Fixation,1644.2043841326679,1123.8405752182007,212.0,10.0,True,12,word,boat,9.0
2232.0,1645.9120178222656,1123.2994365692139,0.6434712409973145,0.774712860584259,0.6429343819618225,0.7800690531730652,2.937652587890625,2.98712158203125,Fixation,1644.2043841326679,1123.8405752182007,212.0,10.0,True,12,word,boat,9.0
2236.0,1658.2418823242188,1130.2933502197266,0.6515142321586609,0.771962583065033,0.647750735282898,0.7849259376525879,2.911865234375,2.964340209960937,Fixation,1644.2043841326679,1123.8405752182007,212.0,10.0,True,12,word,boat,9.0
2240.0,1651.0598754882812,1122.4593257904053,0.6456877589225769,0.7667418122291565,0.6449452638626099,0.7794856429100037,2.911346435546875,2.9785308837890625,Fixation,1644.2043841326679,1123.8405752182007,212.0,10.0,True,12,word,boat,9.0
2244.0,1647.9183959960938,1119.744930267334,0.6486238241195679,0.7763835191726685,0.6437181234359741,0.7776006460189819,2.91143798828125,2.9914703369140625,Fixation,1644.2043841326679,1123.8405752182007,212.0,10.0,True,12,word,boat,9.0
2248.0,1651.2210083007812,1120.5644416809082,0.6483469605445862,0.7703442573547363,0.6450082063674927,0.7781697511672974,2.9043731689453125,2.97467041015625,Fixation,1644.2043841326679,1123.8405752182007,212.0,10.0,True,12,word,boat,9.0
2252.0,1654.2994689941406,1127.1299743652344,0.6464846730232239,0.7802587151527405,0.6462107300758362,0.7827291488647461,2.92779541015625,2.9901275634765625,Fixation,1644.2043841326679,1123.8405752182007,212.0,10.0,True,12,word,boat,9.0
2256.0,1653.0561828613281,1120.5791187286377,0.6467078924179077,0.7678425908088684,0.6457250714302063,0.778179943561554,2.8772430419921875,2.98193359375,Fixation,1644.2043841326679,1123.8405752182007,212.0,10.0,True,12,word,boat,9.0
2260.0,1649.8330688476562,1123.1534385681152,0.6473013162612915,0.7763300538063049,0.6444660425186157,0.7799676656723022,2.9161834716796875,2.996932983398437,Fixation,1644.2043841326679,1123.8405752182007,212.0,10.0,True,12,word,boat,9.0
2264.0,1637.5717163085938,1115.875768661499,0.6469705104827881,0.770298421382904,0.6396764516830444,0.7749137282371521,2.895294189453125,2.9893798828125,Fixation,1644.2043841326679,1123.8405752182007,212.0,10.0,True,12,word,boat,9.0
2268.0,1641.8020629882812,1126.7326641082764,0.6440516710281372,0.783998966217041,0.6413289308547974,0.7824532389640808,2.941253662109375,2.9818572998046875,Fixation,1644.2043841326679,1123.8405752182007,212.0,10.0,True,12,word,boat,9.0
2272.0,1648.453369140625,1117.4224376678467,0.6448155045509338,0.7781084775924683,0.6439270973205566,0.7759878039360046,2.90313720703125,3.000701904296875,Fixation,1644.2043841326679,1123.8405752182007,212.0,10.0,True,12,word,boat,9.0
2276.0,1637.5399780273438,1117.4989986419678,0.6458700299263,0.7792935371398926,0.6396640539169312,0.7760409712791443,2.896102905273437,2.983139038085937,Fixation,1644.2043841326679,1123.8405752182007,212.0,10.0,True,12,word,boat,9.0
2280.0,1639.0019226074219,1121.8181705474854,0.6447417140007019,0.7780364751815796,0.6402351260185242,0.7790403962135315,2.921600341796875,2.9915313720703125,Fixation,1644.2043841326679,1123.8405752182007,212.0,10.0,True,12,word,boat,9.0
2284.0,1646.357421875,1118.2646942138672,0.6433002948760986,0.77462238073349,0.6431083679199219,0.7765727043151855,2.910186767578125,2.9866943359375,Fixation,1644.2043841326679,1123.8405752182007,212.0,10.0,True,12,word,boat,9.0
2288.0,1640.8354187011719,1119.6547222137451,0.6456136107444763,0.774657666683197,0.6409513354301453,0.777538001537323,2.8894195556640625,2.997467041015625,Fixation,1644.2043841326679,1123.8405752182007,212.0,10.0,True,12,word,boat,9.0
2292.0,1635.4988098144531,1129.6412086486816,0.6449682116508484,0.7846812009811401,0.6388667225837708,0.7844730615615845,2.895858764648437,3.0035552978515625,Fixation,1644.2043841326679,1123.8405752182007,212.0,10.0,True,12,word,boat,9.0
2296.0,1635.0352478027344,1130.6288623809814,0.6434420347213745,0.7813968658447266,0.6386856436729431,0.7851589322090149,2.9104461669921875,2.996612548828125,Fixation,1644.2043841326679,1123.8405752182007,212.0,10.0,True,12,word,boat,9.0
2300.0,1637.4609375,1123.3771133422852,0.6439757943153381,0.7769863605499268,0.6396331787109375,0.7801229953765869,2.893951416015625,3.01397705078125,Fixation,1644.2043841326679,1123.8405752182007,212.0,10.0,True,12,word,boat,9.0
2304.0,1651.3917541503906,1122.339506149292,0.6400584578514099,0.785571277141571,0.6450749039649963,0.7794024348258972,2.917449951171875,2.9684295654296875,Fixation,1644.2043841326679,1123.8405752182007,212.0,10.0,True,12,word,boat,9.0
2308.0,1644.6342468261719,1121.5511512756348,0.6440637111663818,0.7787078619003296,0.6424352526664734,0.7788549661636353,2.911529541015625,3.0052947998046875,Fixation,1644.2043841326679,1123.8405752182007,212.0,10.0,True,12,word,boat,9.0
2312.0,1645.7781982421875,1121.3317680358887,0.6458272337913513,0.7757360935211182,0.6428821086883545,0.7787026166915894,2.8900146484375,2.9976806640625,Fixation,1644.2043841326679,1123.8405752182007,212.0,10.0,True,12,word,boat,9.0
2316.0,1640.4673767089844,1125.8245754241943,0.6448440551757812,0.776361882686615,0.640807569026947,0.7818226218223572,2.8914794921875,3.0114288330078125,Fixation,1644.2043841326679,1123.8405752182007,212.0,10.0,True,12,word,boat,9.0
2320.0,1644.9296569824219,1124.7223377227783,0.643145740032196,0.785201907157898,0.6425506472587585,0.7810571789741516,2.91064453125,2.9899444580078125,Fixation,1644.2043841326679,1123.8405752182007,212.0,10.0,True,12,word,boat,9.0
2324.0,1638.465576171875,1124.567928314209,0.6454872488975525,0.7816357612609863,0.6400256156921387,0.7809499502182007,2.899642944335937,2.987640380859375,Fixation,1644.2043841326679,1123.8405752182007,212.0,10.0,True,12,word,boat,9.0
2328.0,1648.5670471191406,1120.6714725494385,0.6472502946853638,0.7797353267669678,0.6439715027809143,0.7782440781593323,2.9046173095703125,2.9694366455078125,Fixation,1644.2043841326679,1123.8405752182007,212.0,10.0,True,12,word,boat,9.0
2332.0,1651.0220336914062,1120.9559154510498,0.6470752358436584,0.7888535261154175,0.6449304819107056,0.7784416079521179,2.92498779296875,2.9821929931640625,Fixation,1644.2043841326679,1123.8405752182007,212.0,10.0,True,12,word,boat,9.0
2336.0,1652.4836730957031,1120.827169418335,0.6445242166519165,0.7777238488197327,0.645501434803009,0.7783522009849548,2.89837646484375,2.98199462890625,Fixation,1644.2043841326679,1123.8405752182007,212.0,10.0,True,12,word,boat,9.0
2340.0,1649.6672058105469,1127.601957321167,0.6437519788742065,0.7831055521965027,0.6444012522697449,0.783056914806366,2.901947021484375,2.9880828857421875,Fixation,1644.2043841326679,1123.8405752182007,212.0,10.0,True,12,word,boat,9.0
2344.0,1660.4470825195312,1118.3306121826172,0.6462010741233826,0.7830167412757874,0.6486121416091919,0.776618480682373,2.893783569335937,2.9723358154296875,Fixation,1644.2043841326679,1123.8405752182007,212.0,10.0,True,12,word,boat,9.0
2348.0,1664.6066284179688,1129.9225616455078,0.6488016843795776,0.7779006958007812,0.650236964225769,0.7846684455871582,2.8938140869140625,2.98565673828125,Fixation,1644.2043841326679,1123.8405752182007,212.0,10.0,True,12,word,boat,9.0
2352.0,1688.6538696289062,1130.5013179779053,0.6600499749183655,0.7870248556137085,0.6596304178237915,0.7850703597068787,2.920928955078125,2.999008178710937,Fixation,1689.9201684249074,1129.516715752451,148.0,11.0,True,13,word,boat,9.0
2356.0,1692.2718811035156,1135.3272342681885,0.6646239161491394,0.7901052832603455,0.6610437035560608,0.7884216904640198,2.927230834960937,2.97979736328125,Fixation,1689.9201684249074,1129.516715752451,148.0,11.0,True,13,word,boat,9.0
2360.0,1690.6428527832031,1122.2115325927734,0.6664865612983704,0.7800546884536743,0.6604073643684387,0.7793135643005371,2.8831329345703125,2.9823150634765625,Fixation,1689.9201684249074,1129.516715752451,148.0,11.0,True,13,word,boat,9.0
2364.0,1684.96337890625,1123.5323810577393,0.6635117530822754,0.7859734296798706,0.6581888198852539,0.7802308201789856,2.904449462890625,2.97491455078125,Fixation,1689.9201684249074,1129.516715752451,148.0,11.0,True,13,word,boat,9.0
2368.0,1693.6601257324219,1132.3174095153809,0.6616129279136658,0.7807173132896423,0.6615859866142273,0.7863315343856812,2.8925323486328125,2.9851837158203125,Fixation,1689.9201684249074,1129.516715752451,148.0,11.0,True,13,word,boat,9.0
2372.0,1687.1353149414062,1129.123649597168,0.6638541221618652,0.7845001816749573,0.6590372323989868,0.7841136455535889,2.9002685546875,2.994293212890625,Fixation,1689.9201684249074,1129.516715752451,148.0,11.0,True,13,word,boat,9.0
2376.0,1685.4148864746094,1129.645414352417,0.6629860997200012,0.7825355529785156,0.6583651900291443,0.7844759821891785,2.89208984375,2.976104736328125,Fixation,1689.9201684249074,1129.516715752451,148.0,11.0,True,13,word,boat,9.0
2380.0,1688.6042785644531,1129.7452354431152,0.6631534099578857,0.7815572619438171,0.6596110463142395,0.7845453023910522,2.89398193359375,2.9898834228515625,Fixation,1689.9201684249074,1129.516715752451,148.0,11.0,True,13,word,boat,9.0
2384.0,1691.5785217285156,1129.0966129302979,0.6594893932342529,0.7824278473854065,0.6607728600502014,0.7840948700904846,2.9098052978515625,2.9838104248046875,Fixation,1689.9201684249074,1129.516715752451,148.0,11.0,True,13,word,boat,9.0
2388.0,1685.1943969726562,1133.9781475067139,0.6625970005989075,0.7872090339660645,0.6582790613174438,0.7874848246574402,2.875946044921875,3.00048828125,Fixation,1689.9201684249074,1129.516715752451,148.0,11.0,True,13,word,boat,9.0
2392.0,1688.7763977050781,1120.4379272460938,0.6639693975448608,0.7916730046272278,0.6596782803535461,0.7780818939208984,2.90985107421875,2.97308349609375,Fixation,1689.9201684249074,1129.516715752451,148.0,11.0,True,13,word,boat,9.0
2396.0,1696.5977478027344,1129.4720363616943,0.6654395461082458,0.7897764444351196,0.6627334952354431,0.7843555808067322,2.904327392578125,2.975128173828125,Fixation,1689.9201684249074,1129.516715752451,148.0,11.0,True,13,word,boat,9.0
2400.0,1692.0118713378906,1129.6400928497314,0.6654142141342163,0.789076030254364,0.6609421372413635,0.7844722867012024,2.9085845947265625,2.98193359375,Fixation,1689.9201684249074,1129.516715752451,148.0,11.0,True,13,word,boat,9.0
2404.0,1695.6472778320312,1131.5814113616943,0.6628437042236328,0.7841208577156067,0.6623622179031372,0.7858204245567322,2.897857666015625,2.9727020263671875,Fixation,1689.9201684249074,1129.516715752451,148.0,11.0,True,13,word,boat,9.0
2408.0,1692.9673767089844,1130.4413223266602,0.6635064482688904,0.7843324542045593,0.661315381526947,0.7850286960601807,2.897186279296875,2.959075927734375,Fixation,1689.9201684249074,1129.516715752451,148.0,11.0,True,13,word,boat,9.0
2412.0,1701.0719299316406,1130.6539249420166,0.6641691327095032,0.783264696598053,0.6644812226295471,0.7851763367652893,2.897186279296875,2.960433959960937,Fixation,1689.9201684249074,1129.516715752451,148.0,11.0,True,13,word,boat,9.0
2416.0,1705.8305358886719,1136.191806793213,0.6654574275016785,0.7871338129043579,0.6663400530815125,0.7890220880508423,2.8720245361328125,2.956039428710937,Fixation,1689.9201684249074,1129.516715752451,148.0,11.0,True,13,word,boat,9.0
2420.0,1680.9005737304688,1133.5298538208008,0.6603688597679138,0.7844539880752563,0.6566017866134644,0.7871735095977783,2.889312744140625,2.979278564453125,Fixation,1689.9201684249074,1129.516715752451,148.0,11.0,True,13,word,boat,9.0
2424.0,1700.3419494628906,1133.6131954193115,0.6610278487205505,0.7894031405448914,0.6641960740089417,0.7872313857078552,2.9041290283203125,2.9741973876953125,Fixation,1689.9201684249074,1129.516715752451,148.0,11.0,True,13,word,boat,9.0
2428.0,1696.01318359375,1130.2809047698975,0.6610217094421387,0.7824568748474121,0.6625051498413086,0.7849172949790955,2.889251708984375,2.965301513671875,Fixation,1689.9201684249074,1129.516715752451,148.0,11.0,True,13,word,boat,9.0
2432.0,1685.938720703125,1131.330270767212,0.6617581844329834,0.7898010611534119,0.6585698127746582,0.7856460213661194,2.901397705078125,2.962432861328125,Fixation,1689.9201684249074,1129.516715752451,148.0,11.0,True,13,word,boat,9.0
2436.0,1693.0429077148438,1129.8722648620605,0.6628808975219727,0.7801805138587952,0.6613448858261108,0.7846335172653198,2.894134521484375,2.974639892578125,Fixation,1689.9201684249074,1129.516715752451,148.0,11.0,True,13,word,boat,9.0
2440.0,1687.6934814453125,1138.2764625549316,0.6606056094169617,0.7850431203842163,0.6592552661895752,0.790469765663147,2.894775390625,2.9657440185546875,Fixation,1689.9201684249074,1129.516715752451,148.0,11.0,True,13,word,boat,9.0
2444.0,1691.2147521972656,1122.379674911499,0.6607965230941772,0.7866019606590271,0.6606307625770569,0.7794303297996521,2.8860321044921875,2.9698638916015625,Fixation,1689.9201684249074,1129.516715752451,148.0,11.0,True,13,word,boat,9.0
2448.0,1686.57958984375,1132.7440738677979,0.6633338332176208,0.7847130298614502,0.6588201522827148,0.7866278290748596,2.897247314453125,2.965972900390625,Fixation,1689.9201684249074,1129.516715752451,148.0,11.0,True,13,word,boat,9.0
2452.0,1693.7588500976562,1132.2442817687988,0.6584115624427795,0.7954854965209961,0.661624550819397,0.7862807512283325,2.907257080078125,2.9770965576171875,Fixation,1689.9201684249074,1129.516715752451,148.0,11.0,True,13,word,boat,9.0
2456.0,1681.0040283203125,1129.7143363952637,0.6603932976722717,0.7908713817596436,0.6566421985626221,0.7845238447189331,2.91998291015625,2.9779052734375,Fixation,1689.9201684249074,1129.516715752451,148.0,11.0,True,13,word,boat,9.0
2460.0,1682.9119873046875,1136.9556999206543,0.6604635715484619,0.7820083498954773,0.6573874950408936,0.7895525693893433,2.8902740478515625,2.9828338623046875,Fixation,1689.9201684249074,1129.516715752451,148.0,11.0,True,13,word,boat,9.0
2464.0,1687.0159912109375,1130.678472518921,0.659587025642395,0.7920268774032593,0.6589906215667725,0.7851933836936951,2.909652709960937,2.98876953125,Fixation,1689.9201684249074,1129.516715752451,148.0,11.0,True,13,word,boat,9.0
2468.0,1691.2626647949219,1129.6461009979248,0.660148561000824,0.780523955821991,0.6606494784355164,0.7844764590263367,2.8928985595703125,2.997528076171875,Fixation,1689.9201684249074,1129.516715752451,148.0,11.0,True,13,word,boat,9.0
2472.0,1692.198486328125,1128.1737613677979,0.6592997908592224,0.7805039286613464,0.6610150337219238,0.7834540009498596,2.889755249023437,2.979583740234375,Fixation,1689.9201684249074,1129.516715752451,148.0,11.0,True,13,word,boat,9.0
2476.0,1697.1609497070312,1134.3598365783691,0.6615586280822754,0.7873637080192566,0.6629534959793091,0.7877498865127563,2.8914337158203125,2.9744415283203125,Fixation,1689.9201684249074,1129.516715752451,148.0,11.0,True,13,word,boat,9.0
2480.0,1690.3361511230469,1129.2705059051514,0.6604112982749939,0.7836445569992065,0.6602875590324402,0.7842156291007996,2.8820343017578125,2.9795379638671875,Fixation,1689.9201684249074,1129.516715752451,148.0,11.0,True,13,word,boat,9.0
2484.0,1688.3029174804688,1135.2444076538086,0.6625783443450928,0.7755265235900879,0.6594933271408081,0.7883641719818115,2.896347045898437,2.972640991210937,Fixation,1689.9201684249074,1129.516715752451,148.0,11.0,True,13,word,boat,9.0
2488.0,1692.0637512207031,1128.6444568634033,0.6613835692405701,0.7838664054870605,0.6609624028205872,0.7837808728218079,2.8831024169921875,2.976898193359375,Fixation,1689.9201684249074,1129.516715752451,148.0,11.0,True,13,word,boat,9.0
2492.0,1685.0657653808594,1129.0221977233887,0.6597788333892822,0.7766862511634827,0.6582288146018982,0.7840431928634644,2.889068603515625,2.983383178710937,Fixation,1689.9201684249074,1129.516715752451,148.0,11.0,True,13,word,boat,9.0
2496.0,1683.2075500488281,1125.8139324188232,0.6596038341522217,0.7720791697502136,0.6575029492378235,0.781815230846405,2.904388427734375,2.9692840576171875,Fixation,1689.9201684249074,1129.516715752451,148.0,11.0,True,13,word,boat,9.0
2500.0,1669.9295043945312,1095.9430503845215,0.6502012014389038,0.7603168487548828,0.6523162126541138,0.7610715627670288,2.868743896484375,2.9590606689453125,Fixation,1689.9201684249074,1129.516715752451,148.0,11.0,True,13,word,boat,9.0
2504.0,1609.8143005371094,1060.6805419921875,0.623781681060791,0.7253459095954895,0.6288337111473083,0.7365837097167969,2.8995361328125,2.94927978515625,Saccade,,,,0.0,False,14,,,
2508.0,1579.599609375,995.6943511962891,0.6021048426628113,0.6656718254089355,0.6170310974121094,0.6914544105529785,2.859466552734375,2.9290771484375,Saccade,,,,0.0,False,14,,,
2512.0,1534.6037292480469,943.5861110687256,0.588443398475647,0.6453937292098999,0.5994545817375183,0.655268132686615,2.857666015625,2.935546875,Saccade,,,,0.0,False,14,,,
2516.0,1514.2803955078125,897.9033279418945,0.5847102999687195,0.6298543214797974,0.5915157794952393,0.6235439777374268,2.831573486328125,2.90771484375,Saccade,,,,0.0,False,14,,,
2520.0,1493.02734375,884.4094562530518,0.5737504363059998,0.6130955219268799,0.5832138061523438,0.6141732335090637,2.85552978515625,2.945556640625,Saccade,,,,0.0,False,14,,,
2524.0,1481.7506408691406,867.3919773101807,0.5602830052375793,0.5936724543571472,0.5788088440895081,0.6023555397987366,2.8809814453125,2.9259185791015625,Saccade,,,,0.0,False,14,,,
2528.0,1455.1045227050781,844.9272537231445,0.5557848811149597,0.5806043744087219,0.5684002041816711,0.5867550373077393,2.881622314453125,2.9513397216796875,Saccade,,,,0.0,False,14,,,
2532.0,1441.7576599121094,835.1494216918945,0.5518880486488342,0.5683414936065674,0.5631865859031677,0.5799648761749268,2.8756103515625,2.930648803710937,Saccade,,,,0.0,False,14,,,
2536.0,1429.2539978027344,825.7791137695312,0.5539497137069702,0.5494368672370911,0.5583023428916931,0.5734577178955078,2.7946319580078125,2.93218994140625,Saccade,,,,0.0,False,14,,,
2540.0,1424.8944091796875,821.8606853485107,0.5547527074813843,0.5521613359451294,0.5565993785858154,0.5707365870475769,2.846099853515625,2.94873046875,Saccade,,,,0.0,False,14,,,
2544.0,1416.4292907714844,817.6495742797852,0.5558608770370483,0.5396453738212585,0.5532926917076111,0.5678122043609619,2.7954254150390625,2.9564971923828125,Saccade,,,,0.0,False,14,,,
2548.0,1428.7007141113281,812.3529624938965,0.5577681064605713,0.5423446893692017,0.5580862164497375,0.5641340017318726,2.8352203369140625,2.94793701171875,Saccade,,,,0.0,False,14,,,
2552.0,1420.5908203125,814.6385478973389,0.554002046585083,0.5608886480331421,0.5549182891845703,0.5657212138175964,2.8506317138671875,2.932846069335937,Saccade,,,,0.0,False,14,,,
2556.0,1416.8882751464844,800.5840301513672,0.5532806515693665,0.5687497854232788,0.5534719824790955,0.5559611320495605,2.8724517822265625,2.921371459960937,Fixation,1404.1370350230825,808.5721284692937,216.0,12.0,True,15,image,,10.0
2560.0,1416.8905639648438,822.7355575561523,0.5538215637207031,0.56976318359375,0.5534728765487671,0.5713441371917725,2.89971923828125,2.9545135498046875,Fixation,1404.1370350230825,808.5721284692937,216.0,12.0,True,15,image,,10.0
2564.0,1408.3331298828125,821.286563873291,0.5524998307228088,0.5762828588485718,0.5501301288604736,0.5703378915786743,2.897689819335937,2.953857421875,Fixation,1404.1370350230825,808.5721284692937,216.0,12.0,True,15,image,,10.0
2568.0,1406.77978515625,822.8042221069336,0.5523782968521118,0.5641371607780457,0.5495233535766602,0.5713918209075928,2.8863677978515625,2.97369384765625,Fixation,1404.1370350230825,808.5721284692937,216.0,12.0,True,15,image,,10.0
2572.0,1414.4989013671875,804.8571109771729,0.5542330145835876,0.5697084069252014,0.5525386333465576,0.5589285492897034,2.9108428955078125,2.94146728515625,Fixation,1404.1370350230825,808.5721284692937,216.0,12.0,True,15,image,,10.0
2576.0,1410.9129333496094,813.1457805633545,0.5538703203201294,0.5689527988433838,0.5511378645896912,0.5646845698356628,2.896026611328125,2.94451904296875,Fixation,1404.1370350230825,808.5721284692937,216.0,12.0,True,15,image,,10.0
2580.0,1408.6466979980469,814.8472881317139,0.5528978705406189,0.5681321024894714,0.5502526164054871,0.5658661723136902,2.905548095703125,2.939117431640625,Fixation,1404.1370350230825,808.5721284692937,216.0,12.0,True,15,image,,10.0
2584.0,1412.0487976074219,819.6139812469482,0.5522346496582031,0.5637295246124268,0.5515815615653992,0.5691763758659363,2.895355224609375,2.96087646484375,Fixation,1404.1370350230825,808.5721284692937,216.0,12.0,True,15,image,,10.0
2588.0,1407.5428771972656,813.6523532867432,0.5525055527687073,0.5603117346763611,0.5498214364051819,0.5650363564491272,2.8894195556640625,2.9541778564453125,Fixation,1404.1370350230825,808.5721284692937,216.0,12.0,True,15,image,,10.0
2592.0,1405.4066467285156,830.0896167755127,0.5526993274688721,0.5637056827545166,0.5489869713783264,0.5764511227607727,2.896575927734375,2.966049194335937,Fixation,1404.1370350230825,808.5721284692937,216.0,12.0,True,15,image,,10.0
2596.0,1415.0239562988281,802.6491165161133,0.5504071712493896,0.56281578540802,0.5527437329292297,0.5573952198028564,2.9027252197265625,2.909149169921875,Fixation,1404.1370350230825,808.5721284692937,216.0,12.0,True,15,image,,10.0
2600.0,1409.4010925292969,802.3258781433105,0.5530261397361755,0.5617858171463013,0.5505473017692566,0.5571707487106323,2.9010772705078125,2.9401092529296875,Fixation,1404.1370350230825,808.5721284692937,216.0,12.0,True,15,image,,10.0
2604.0,1410.1536560058594,798.3611011505127,0.5523949861526489,0.5596139430999756,0.5508412718772888,0.5544174313545227,2.899078369140625,2.9249420166015625,Fixation,1404.1370350230825,808.5721284692937,216.0,12.0,True,15,image,,10.0
2608.0,1403.5054016113281,807.8480529785156,0.5504447817802429,0.5642068982124329,0.548244297504425,0.5610055923461914,2.9080352783203125,2.9380340576171875,Fixation,1404.1370350230825,808.5721284692937,216.0,12.0,True,15,image,,10.0
2612.0,1403.6141967773438,824.7491455078125,0.5501799583435059,0.5648937225341797,0.5482867956161499,0.5727424621582031,2.911285400390625,2.97650146484375,Fixation,1404.1370350230825,808.5721284692937,216.0,12.0,True,15,image,,10.0
2616.0,1398.380126953125,820.2673244476318,0.5491713881492615,0.5630319118499756,0.5462422370910645,0.5696300864219666,2.9038543701171875,2.96771240234375,Fixation,1404.1370350230825,808.5721284692937,216.0,12.0,True,15,image,,10.0
2620.0,1409.3367004394531,812.5339794158936,0.548388659954071,0.5631646513938904,0.5505221486091614,0.5642597079277039,2.907318115234375,2.95294189453125,Fixation,1404.1370350230825,808.5721284692937,216.0,12.0,True,15,image,,10.0
2624.0,1405.2665710449219,801.5953731536865,0.5458579659461975,0.5711934566497803,0.5489322543144226,0.556663453578949,2.906982421875,2.92474365234375,Fixation,1404.1370350230825,808.5721284692937,216.0,12.0,True,15,image,,10.0
2628.0,1410.2894592285156,799.7255516052246,0.5483074188232422,0.561608076095581,0.5508943200111389,0.5553649663925171,2.8996124267578125,2.9311065673828125,Fixation,1404.1370350230825,808.5721284692937,216.0,12.0,True,15,image,,10.0
2632.0,1406.0282897949219,804.7843265533447,0.5485368967056274,0.5593491792678833,0.5492298007011414,0.5588780045509338,2.879608154296875,2.947128295898437,Fixation,1404.1370350230825,808.5721284692937,216.0,12.0,True,15,image,,10.0
2636.0,1406.1958312988281,809.2525005340576,0.5527010560035706,0.5569236278533936,0.5492952466011047,0.5619809031486511,2.8784942626953125,2.950546264648437,Fixation,1404.1370350230825,808.5721284692937,216.0,12.0,True,15,image,,10.0
2640.0,1416.8199157714844,790.0890827178955,0.5461043119430542,0.5625401735305786,0.5534452795982361,0.5486729741096497,2.9019927978515625,2.917953491210937,Fixation,1404.1370350230825,808.5721284692937,216.0,12.0,True,15,image,,10.0
2644.0,1403.3055114746094,809.8572635650635,0.549095630645752,0.5626216530799866,0.5481662154197693,0.5624008774757385,2.8920135498046875,2.94293212890625,Fixation,1404.1370350230825,808.5721284692937,216.0,12.0,True,15,image,,10.0
2648.0,1399.27734375,825.3923606872559,0.549407422542572,0.5697745680809021,0.5465927124023438,0.5731891393661499,2.888153076171875,2.990951538085937,Fixation,1404.1370350230825,808.5721284692937,216.0,12.0,True,15,image,,10.0
2652.0,1400.7487487792969,801.1703395843506,0.549223005771637,0.5667810440063477,0.5471674799919128,0.5563682913780212,2.8868408203125,2.9348297119140625,Fixation,1404.1370350230825,808.5721284692937,216.0,12.0,True,15,image,,10.0
2656.0,1402.2377014160156,826.4923667907715,0.5506016612052917,0.5680344700813293,0.5477491021156311,0.5739530324935913,2.9006805419921875,2.9678955078125,Fixation,1404.1370350230825,808.5721284692937,216.0,12.0,True,15,image,,10.0
2660.0,1401.3093566894531,804.3114852905273,0.5479355454444885,0.566351056098938,0.5473864674568176,0.5585496425628662,2.9011993408203125,2.9432373046875,Fixation,1404.1370350230825,808.5721284692937,216.0,12.0,True,15,image,,10.0
2664.0,1400.8065795898438,798.5943031311035,0.5505093336105347,0.5631917715072632,0.5471900701522827,0.5545793771743774,2.8856201171875,2.9482879638671875,Fixation,1404.1370350230825,808.5721284692937,216.0,12.0,True,15,image,,10.0
2668.0,1407.7278137207031,812.8579902648926,0.5510592460632324,0.5703134536743164,0.5498936772346497,0.564484715461731,2.9189453125,2.9531402587890625,Fixation,1404.1370350230825,808.5721284692937,216.0,12.0,True,15,image,,10.0
2672.0,1398.8188171386719,800.3763198852539,0.5543313026428223,0.5368180274963379,0.5464136004447937,0.5558168888092041,2.816619873046875,2.945053100585937,Fixation,1404.1370350230825,808.5721284692937,216.0,12.0,True,15,image,,10.0
2676.0,1396.7405700683594,803.5682773590088,0.5532386898994446,0.5666037797927856,0.5456017851829529,0.5580335259437561,2.8833160400390625,2.939697265625,Fixation,1404.1370350230825,808.5721284692937,216.0,12.0,True,15,image,,10.0
2680.0,1395.8377075195312,817.3237609863281,0.5522707104682922,0.5602306127548218,0.5452491044998169,0.5675859451293945,2.877288818359375,2.962066650390625,Fixation,1404.1370350230825,808.5721284692937,216.0,12.0,True,15,image,,10.0
2684.0,1401.4418029785156,802.6504039764404,0.5538262724876404,0.5655809640884399,0.5474382042884827,0.5573961138725281,2.885848999023437,2.94525146484375,Fixation,1404.1370350230825,808.5721284692937,216.0,12.0,True,15,image,,10.0
2688.0,1397.6362609863281,814.0636539459229,0.5543652176856995,0.5488243103027344,0.5459516644477844,0.5653219819068909,2.837890625,2.9799041748046875,Fixation,1404.1370350230825,808.5721284692937,216.0,12.0,True,15,image,,10.0
2692.0,1401.4167785644531,799.5816993713379,0.5496683120727539,0.5692375898361206,0.5474284291267395,0.5552650690078735,2.895050048828125,2.945404052734375,Fixation,1404.1370350230825,808.5721284692937,216.0,12.0,True,15,image,,10.0
2696.0,1399.80224609375,802.4496459960938,0.5530278086662292,0.5582594275474548,0.5467977523803711,0.5572566986083984,2.882965087890625,2.91949462890625,Fixation,1404.1370350230825,808.5721284692937,216.0,12.0,True,15,image,,10.0
2700.0,1407.5178527832031,796.2288093566895,0.5519561767578125,0.5645751357078552,0.5498116612434387,0.5529366731643677,2.8852996826171875,2.9245758056640625,Fixation,1404.1370350230825,808.5721284692937,216.0,12.0,True,15,image,,10.0
2704.0,1402.8897094726562,807.6804256439209,0.550879955291748,0.5587595701217651,0.5480037927627563,0.5608891844749451,2.884872436523437,2.9540252685546875,Fixation,1404.1370350230825,808.5721284692937,216.0,12.0,True,15,image,,10.0
2708.0,1408.6482238769531,792.482213973999,0.5497159361839294,0.5695094466209412,0.5502532124519348,0.5503348708152771,2.89886474609375,2.912948608398437,Fixation,1404.1370350230825,808.5721284692937,216.0,12.0,True,15,image,,10.0
2712.0,1400.2555847167969,812.5832462310791,0.5485045313835144,0.5644357800483704,0.5469748377799988,0.5642939209938049,2.8818817138671875,2.970062255859375,Fixation,1404.1370350230825,808.5721284692937,216.0,12.0,True,15,image,,10.0
2716.0,1397.2201538085938,818.8660526275635,0.551875650882721,0.5561303496360779,0.5457891225814819,0.5686569809913635,2.840118408203125,2.9583892822265625,Fixation,1404.1370350230825,808.5721284692937,216.0,12.0,True,15,image,,10.0
2720.0,1407.2613525390625,810.4164505004883,0.548904538154602,0.5665088295936584,0.5497114658355713,0.5627892017364502,2.8743896484375,2.94818115234375,Fixation,1404.1370350230825,808.5721284692937,216.0,12.0,True,15,image,,10.0
2724.0,1408.9715576171875,791.4819431304932,0.5500869154930115,0.5680620670318604,0.5503795146942139,0.5496402382850647,2.891387939453125,2.905136108398437,Fixation,1404.1370350230825,808.5721284692937,216.0,12.0,True,15,image,,10.0
2728.0,1402.7745056152344,811.3791275024414,0.5495367050170898,0.5694516897201538,0.5479587912559509,0.563457727432251,2.87762451171875,2.9530181884765625,Fixation,1404.1370350230825,808.5721284692937,216.0,12.0,True,15,image,,10.0
2732.0,1405.6642150878906,802.7635288238525,0.5477540493011475,0.566179096698761,0.5490875840187073,0.557474672794342,2.8705291748046875,2.922882080078125,Fixation,1404.1370350230825,808.5721284692937,216.0,12.0,True,15,image,,10.0
2736.0,1405.4853820800781,804.9256896972656,0.5521923899650574,0.5676162242889404,0.5490177273750305,0.5589761734008789,2.880706787109375,2.9336395263671875,Fixation,1404.1370350230825,808.5721284692937,216.0,12.0,True,15,image,,10.0
2740.0,1395.8718872070312,812.281551361084,0.5474269986152649,0.5644165277481079,0.5452624559402466,0.5640844106674194,2.876693725585937,2.94659423828125,Fixation,1404.1370350230825,808.5721284692937,216.0,12.0,True,15,image,,10.0
2744.0,1403.9630126953125,809.8370933532715,0.5474135875701904,0.5676265954971313,0.5484230518341064,0.5623868703842163,2.89202880859375,2.93243408203125,Fixation,1404.1370350230825,808.5721284692937,216.0,12.0,True,15,image,,10.0
2748.0,1417.4089050292969,799.8326683044434,0.546882152557373,0.5705306529998779,0.5536753535270691,0.5554393529891968,2.903427124023437,2.903778076171875,Fixation,1404.1370350230825,808.5721284692937,216.0,12.0,True,15,image,,10.0
2752.0,1407.6176452636719,804.5701789855957,0.547155499458313,0.5668473243713379,0.5498506426811218,0.5587292909622192,2.8718719482421875,2.917587280273437,Fixation,1404.1370350230825,808.5721284692937,216.0,12.0,True,15,image,,10.0
2756.0,1407.6454162597656,806.072301864624,0.5472919940948486,0.5685122013092041,0.549861490726471,0.5597724318504333,2.8724365234375,2.9167633056640625,Fixation,1404.1370350230825,808.5721284692937,216.0,12.0,True,15,image,,10.0
2760.0,1403.3317565917969,801.4390754699707,0.5529211759567261,0.5626369118690491,0.5481764674186707,0.556554913520813,2.8710174560546875,2.9170684814453125,Fixation,1404.1370350230825,808.5721284692937,216.0,12.0,True,15,image,,10.0
2764.0,1391.3453674316406,813.2302379608154,0.5535296201705933,0.5687809586524963,0.5434942841529846,0.5647432208061218,2.872406005859375,2.919281005859375,Fixation,1404.1370350230825,808.5721284692937,216.0,12.0,True,15,image,,10.0
2768.0,1388.7266540527344,809.6639728546143,0.5417700409889221,0.5633534789085388,0.5424713492393494,0.5622666478157043,2.8785552978515625,2.9331512451171875,Fixation,1404.1370350230825,808.5721284692937,216.0,12.0,True,15,image,,10.0
2772.0,1355.86669921875,809.2446899414062,0.5255209803581238,0.5648943781852722,0.5296354293823242,0.5619754791259766,2.8618316650390625,2.92022705078125,Fixation,1404.1370350230825,808.5721284692937,216.0,12.0,True,15,image,,10.0
2776.0,1309.9465942382812,783.7563228607178,0.5048152208328247,0.556635320186615,0.5116978883743286,0.5442752242088318,2.85736083984375,2.89544677734375,Saccade,,,,0.0,False,16,,,
2780.0,1275.868148803711,800.4063606262207,0.4930608570575714,0.547863781452179,0.4983859956264496,0.5558377504348755,2.839385986328125,2.9153594970703125,Saccade,,,,0.0,False,16,,,
2784.0,1249.4438171386719,799.7521591186523,0.4837025701999664,0.5521765947341919,0.4880639910697937,0.5553834438323975,2.844100952148437,2.9007720947265625,Saccade,,,,0.0,False,16,,,
2788.0,1253.379440307617,785.680046081543,0.4824976325035095,0.5457442998886108,0.4896013438701629,0.5456111431121826,2.845306396484375,2.877548217773437,Saccade,,,,0.0,False,16,,,
2792.0,1233.4420776367185,795.9853076934814,0.4805566072463989,0.5460178852081299,0.4818133115768432,0.5527675747871399,2.8287811279296875,2.9253692626953125,Saccade,,,,0.0,False,16,,,
2796.0,1228.7049865722654,793.9853668212891,0.4816758334636688,0.5484387874603271,0.4799628853797912,0.5513787269592285,2.8660430908203125,2.903182983398437,Saccade,,,,0.0,False,16,,,
2800.0,1233.203430175781,795.9187889099121,0.4810161292552948,0.5449931621551514,0.4817200899124145,0.552721381187439,2.8480987548828125,2.9220733642578125,Saccade,,,,0.0,False,16,,,
2804.0,1240.569610595703,792.568473815918,0.4831327795982361,0.5431200265884399,0.4845975041389465,0.5503947734832764,2.816436767578125,2.9058837890625,Saccade,,,,0.0,False,16,,,
2808.0,1228.0240631103516,802.8422355651855,0.4818013608455658,0.5404325127601624,0.4796968996524811,0.5575293302536011,2.8082733154296875,2.9128875732421875,Saccade,,,,0.0,False,16,,,
2812.0,1237.0892333984373,800.1657772064209,0.4804668426513672,0.5489982962608337,0.4832379817962646,0.5556706786155701,2.826324462890625,2.8844146728515625,Saccade,,,,0.0,False,16,,,
2816.0,1225.9631347656248,798.8675022125244,0.4804686307907104,0.5478140115737915,0.4788918495178222,0.5547690987586975,2.8143310546875,2.912750244140625,Saccade,,,,0.0,False,16,,,
2820.0,1232.9672241210935,770.3027057647705,0.4814510643482208,0.5522987842559814,0.4816278219223022,0.5349324345588684,2.85302734375,2.86279296875,Saccade,,,,0.0,False,16,,,
2824.0,1235.3610992431638,811.6880321502686,0.4807712733745575,0.5406425595283508,0.4825629293918609,0.5636722445487976,2.802001953125,2.929672241210937,Fixation,1229.8639620267425,801.2814639164851,100.0,13.0,True,17,image,,10.0
2828.0,1232.4874877929688,794.8665904998779,0.4827472567558288,0.5406570434570312,0.4814404249191284,0.5519906878471375,2.790069580078125,2.8892822265625,Fixation,1229.8639620267425,801.2814639164851,100.0,13.0,True,17,image,,10.0
2832.0,1224.0293121337888,808.0389404296875,0.4791057407855987,0.54749596118927,0.4781364500522613,0.5611381530761719,2.8040313720703125,2.92645263671875,Fixation,1229.8639620267425,801.2814639164851,100.0,13.0,True,17,image,,10.0
2836.0,1227.1432495117185,808.3601188659668,0.4791308939456939,0.5582140684127808,0.4793528318405151,0.5613611936569214,2.844390869140625,2.890106201171875,Fixation,1229.8639620267425,801.2814639164851,100.0,13.0,True,17,image,,10.0
2840.0,1225.8953857421875,801.4073181152344,0.4809905290603637,0.547354519367218,0.478865385055542,0.5565328598022461,2.800628662109375,2.90936279296875,Fixation,1229.8639620267425,801.2814639164851,100.0,13.0,True,17,image,,10.0
2844.0,1233.5923004150388,801.2849235534668,0.4807125329971313,0.5508808493614197,0.4818719923496246,0.5564478635787964,2.816558837890625,2.8741607666015625,Fixation,1229.8639620267425,801.2814639164851,100.0,13.0,True,17,image,,10.0
2848.0,1224.2234802246091,799.5844459533691,0.479777455329895,0.5453127026557922,0.478212296962738,0.5552669763565063,2.797103881835937,2.898681640625,Fixation,1229.8639620267425,801.2814639164851,100.0,13.0,True,17,image,,10.0
2852.0,1231.5863800048826,801.1159229278564,0.4802697896957397,0.5458265542984009,0.4810884296894073,0.5563305020332336,2.791976928710937,2.8749237060546875,Fixation,1229.8639620267425,801.2814639164851,100.0,13.0,True,17,image,,10.0
2856.0,1236.8138122558591,793.247480392456,0.4827545583248138,0.5498512387275696,0.483130395412445,0.5508663058280945,2.802520751953125,2.8718719482421875,Fixation,1229.8639620267425,801.2814639164851,100.0,13.0,True,17,image,,10.0
2860.0,1236.5718841552734,797.5665664672852,0.4818085730075836,0.5486406087875366,0.4830358922481537,0.5538656711578369,2.8019256591796875,2.865814208984375,Fixation,1229.8639620267425,801.2814639164851,100.0,13.0,True,17,image,,10.0
2864.0,1231.352081298828,806.0973644256592,0.481742262840271,0.5478184223175049,0.4809969067573547,0.5597898364067078,2.821990966796875,2.8685302734375,Fixation,1229.8639620267425,801.2814639164851,100.0,13.0,True,17,image,,10.0
2868.0,1239.0415954589841,808.3134269714355,0.4812240302562713,0.5462430715560913,0.4840006232261657,0.5613287687301636,2.8030548095703125,2.864288330078125,Fixation,1229.8639620267425,801.2814639164851,100.0,13.0,True,17,image,,10.0
2872.0,1231.86408996582,802.4924755096436,0.4829764068126678,0.5453785061836243,0.4811969101428985,0.5572864413261414,2.7859344482421875,2.882720947265625,Fixation,1229.8639620267425,801.2814639164851,100.0,13.0,True,17,image,,10.0
2876.0,1237.050857543945,795.9561252593994,0.4814517796039581,0.5373350977897644,0.4832229912281036,0.5527473092079163,2.770370483398437,2.858856201171875,Fixation,1229.8639620267425,801.2814639164851,100.0,13.0,True,17,image,,10.0
2880.0,1226.8003845214841,802.353343963623,0.4823753237724304,0.5382795929908752,0.4792189002037048,0.5571898221969604,2.7871856689453125,2.882080078125,Fixation,1229.8639620267425,801.2814639164851,100.0,13.0,True,17,image,,10.0
2884.0,1231.3165283203123,797.6066493988037,0.484298974275589,0.5444942712783813,0.480983018875122,0.553893506526947,2.8007354736328125,2.8607330322265625,Fixation,1229.8639620267425,801.2814639164851,100.0,13.0,True,17,image,,10.0
2888.0,1232.7701568603513,808.3902454376221,0.4836199283599853,0.5446637272834778,0.4815508425235748,0.5613821148872375,2.8069000244140625,2.881622314453125,Fixation,1229.8639620267425,801.2814639164851,100.0,13.0,True,17,image,,10.0
2892.0,1237.4234771728513,797.8933238983154,0.4808579087257385,0.5386077761650085,0.4833685457706451,0.5540925860404968,2.77215576171875,2.85760498046875,Fixation,1229.8639620267425,801.2814639164851,100.0,13.0,True,17,image,,10.0
2896.0,1234.660873413086,804.589319229126,0.4840560257434845,0.543479859828949,0.4822894036769867,0.5587425827980042,2.79022216796875,2.891464233398437,Fixation,1229.8639620267425,801.2814639164851,100.0,13.0,True,17,image,,10.0
2900.0,1236.7879486083982,805.5374908447266,0.4844958484172821,0.548652172088623,0.4831202924251556,0.5594010353088379,2.8133697509765625,2.8768310546875,Fixation,1229.8639620267425,801.2814639164851,100.0,13.0,True,17,image,,10.0
2904.0,1235.6573486328125,797.1992111206055,0.4813035130500793,0.5502927303314209,0.4826786518096924,0.5536105632781982,2.80877685546875,2.854598999023437,Fixation,1229.8639620267425,801.2814639164851,100.0,13.0,True,17,image,,10.0
2908.0,1239.5705413818357,790.7181358337402,0.4812926054000854,0.5450106859207153,0.4842072427272796,0.5491098165512085,2.793182373046875,2.8482666015625,Fixation,1229.8639620267425,801.2814639164851,100.0,13.0,True,17,image,,10.0
2912.0,1233.2229614257812,808.6491966247559,0.4818618893623352,0.5439794659614563,0.4817277193069458,0.5615619421005249,2.7923583984375,2.901275634765625,Fixation,1229.8639620267425,801.2814639164851,100.0,13.0,True,17,image,,10.0
2916.0,1238.1384277343748,792.9838943481445,0.4799028635025024,0.5479304194450378,0.4836478233337402,0.5506832599639893,2.7775421142578125,2.858062744140625,Fixation,1229.8639620267425,801.2814639164851,100.0,13.0,True,17,image,,10.0
2920.0,1211.8780517578125,795.0246906280518,0.4698554575443268,0.5536691546440125,0.4733898639678955,0.5521004796028137,2.7859649658203125,2.879135131835937,Fixation,1229.8639620267425,801.2814639164851,100.0,13.0,True,17,image,,10.0
2924.0,1171.2232971191406,802.3528289794922,0.4475369155406952,0.5544387698173523,0.4575091004371643,0.5571894645690918,2.7892608642578125,2.892318725585937,Fixation,1229.8639620267425,801.2814639164851,100.0,13.0,True,17,image,,10.0
2928.0,1125.1570892333982,803.0558681488037,0.4360360503196716,0.5530420541763306,0.4395144879817962,0.557677686214447,2.7825164794921875,2.888671875,Saccade,,,,0.0,False,18,,,
2932.0,1072.9219818115232,795.0078678131104,0.4197969436645508,0.5659335851669312,0.4191101491451263,0.5520887970924377,2.8083953857421875,2.85296630859375,Saccade,,,,0.0,False,18,,,
2936.0,1053.7047576904297,800.4124546051025,0.4048575162887573,0.5522244572639465,0.4116034209728241,0.5558419823646545,2.747589111328125,2.8516998291015625,Saccade,,,,0.0,False,18,,,
2940.0,1046.4070892333982,810.9596729278564,0.3983932435512543,0.5505401492118835,0.4087527692317962,0.5631664395332336,2.7384185791015625,2.8780059814453125,Saccade,,,,0.0,False,18,,,
2944.0,1032.5508880615234,801.7447185516357,0.3982418477535248,0.549275815486908,0.4033401906490326,0.5567671656608582,2.734603881835937,2.880767822265625,Saccade,,,,0.0,False,18,,,
2948.0,1011.8729400634764,797.3416042327881,0.3955022394657135,0.5604087114334106,0.3952628672122955,0.5537094473838806,2.754989624023437,2.857391357421875,Fixation,1017.1543407440186,801.7229905128479,156.0,14.0,True,19,image,,10.0
2952.0,1014.1558074951171,802.5159931182861,0.3978363275527954,0.5549134016036987,0.3961546123027801,0.5573027729988098,2.7390289306640625,2.8795928955078125,Fixation,1017.1543407440186,801.7229905128479,156.0,14.0,True,19,image,,10.0
2956.0,1008.5986328125,800.0759124755859,0.3992168605327606,0.5659272074699402,0.3939838409423828,0.5556082725524902,2.784881591796875,2.865814208984375,Fixation,1017.1543407440186,801.7229905128479,156.0,14.0,True,19,image,,10.0
2960.0,1012.6422119140624,799.7821140289307,0.4017466008663177,0.5592582821846008,0.3955633640289306,0.5554042458534241,2.765365600585937,2.8863525390625,Fixation,1017.1543407440186,801.7229905128479,156.0,14.0,True,19,image,,10.0
2964.0,1009.0483856201172,797.7368545532227,0.3974386751651764,0.5624290704727173,0.3941595256328583,0.5539839267730713,2.766464233398437,2.873870849609375,Fixation,1017.1543407440186,801.7229905128479,156.0,14.0,True,19,image,,10.0
2968.0,1010.1569366455078,796.2855434417725,0.396218329668045,0.56617671251297,0.3945925533771515,0.5529760718345642,2.755462646484375,2.8779754638671875,Fixation,1017.1543407440186,801.7229905128479,156.0,14.0,True,19,image,,10.0
2972.0,1003.6223602294922,801.9217014312744,0.3987908959388733,0.5691409111022949,0.3920399844646454,0.556890070438385,2.780624389648437,2.8855438232421875,Fixation,1017.1543407440186,801.7229905128479,156.0,14.0,True,19,image,,10.0
2976.0,1004.251708984375,802.6564121246338,0.3990990221500397,0.5687458515167236,0.3922858238220215,0.5574002861976624,2.758697509765625,2.881378173828125,Fixation,1017.1543407440186,801.7229905128479,156.0,14.0,True,19,image,,10.0
2980.0,1010.5237579345702,799.7489833831787,0.3966274857521057,0.5646046996116638,0.3947358429431915,0.5553812384605408,2.774261474609375,2.864532470703125,Fixation,1017.1543407440186,801.7229905128479,156.0,14.0,True,19,image,,10.0
2984.0,1011.2985229492188,792.4871063232422,0.3983900249004364,0.5671232342720032,0.3950384855270386,0.5503382682800293,2.7813720703125,2.859130859375,Fixation,1017.1543407440186,801.7229905128479,156.0,14.0,True,19,image,,10.0
2988.0,1003.6356353759764,800.7978343963623,0.3988889455795288,0.5618030428886414,0.3920451700687408,0.556109607219696,2.7657623291015625,2.883453369140625,Fixation,1017.1543407440186,801.7229905128479,156.0,14.0,True,19,image,,10.0
2992.0,1006.3847351074218,805.6683826446533,0.3967659473419189,0.5627657175064087,0.3931190371513366,0.5594919323921204,2.77557373046875,2.87744140625,Fixation,1017.1543407440186,801.7229905128479,156.0,14.0,True,19,image,,10.0
2996.0,1014.7834777832031,805.9708499908447,0.3963521420955658,0.5596961975097656,0.3963997960090637,0.5597019791603088,2.75787353515625,2.8917694091796875,Fixation,1017.1543407440186,801.7229905128479,156.0,14.0,True,19,image,,10.0
3000.0,1015.4511260986327,793.0717849731445,0.3944795131683349,0.5709108114242554,0.3966605961322784,0.5507442951202393,2.788177490234375,2.8581695556640625,Fixation,1017.1543407440186,801.7229905128479,156.0,14.0,True,19,image,,10.0
3004.0,1013.0050659179686,806.3035297393799,0.3932406008243561,0.5742015242576599,0.3957051038742065,0.5599330067634583,2.7987823486328125,2.900009155273437,Fixation,1017.1543407440186,801.7229905128479,156.0,14.0,True,19,image,,10.0
3008.0,1012.2963714599608,801.1029624938965,0.3916907906532287,0.5677500367164612,0.3954282701015472,0.5563215017318726,2.7787628173828125,2.8946685791015625,Fixation,1017.1543407440186,801.7229905128479,156.0,14.0,True,19,image,,10.0
3012.0,1013.4957885742188,799.4587898254395,0.3934405148029327,0.5620409250259399,0.3958967924118042,0.5551797151565552,2.780975341796875,2.873321533203125,Fixation,1017.1543407440186,801.7229905128479,156.0,14.0,True,19,image,,10.0
3016.0,1009.1307830810547,805.9933376312256,0.3902340531349182,0.5625718235969543,0.394191712141037,0.55971759557724,2.77880859375,2.897186279296875,Fixation,1017.1543407440186,801.7229905128479,156.0,14.0,True,19,image,,10.0
3020.0,1016.7582702636719,810.4503536224365,0.3933143019676208,0.5652902126312256,0.3971711993217468,0.5628127455711365,2.777252197265625,2.8717803955078125,Fixation,1017.1543407440186,801.7229905128479,156.0,14.0,True,19,image,,10.0
3024.0,1012.0011138916014,812.8752422332764,0.3896453380584717,0.5656179189682007,0.3953129351139068,0.5644966959953308,2.7932891845703125,2.89239501953125,Fixation,1017.1543407440186,801.7229905128479,156.0,14.0,True,19,image,,10.0
3028.0,1024.0499877929688,809.9086761474609,0.3919164836406708,0.5652220249176025,0.4000195264816284,0.562436580657959,2.77996826171875,2.90399169921875,Fixation,1017.1543407440186,801.7229905128479,156.0,14.0,True,19,image,,10.0
3032.0,1018.9998626708984,793.8845157623291,0.3887509405612945,0.5648082494735718,0.3980468213558197,0.5513086915016174,2.755157470703125,2.8558502197265625,Fixation,1017.1543407440186,801.7229905128479,156.0,14.0,True,19,image,,10.0
3036.0,1019.8208618164062,800.6899452209473,0.3897333145141601,0.5630132555961609,0.3983675241470337,0.5560346841812134,2.7631072998046875,2.8772735595703125,Fixation,1017.1543407440186,801.7229905128479,156.0,14.0,True,19,image,,10.0
3040.0,1021.9451141357422,810.318775177002,0.3919536471366882,0.5553224086761475,0.3991973102092743,0.5627213716506958,2.7576446533203125,2.8972930908203125,Fixation,1017.1543407440186,801.7229905128479,156.0,14.0,True,19,image,,10.0
3044.0,1017.0565032958984,799.0379619598389,0.3906298875808716,0.5591678619384766,0.3972876965999603,0.5548874735832214,2.7569580078125,2.88031005859375,Fixation,1017.1543407440186,801.7229905128479,156.0,14.0,True,19,image,,10.0
3048.0,1020.5966186523438,802.4728202819824,0.3906399309635162,0.5597835183143616,0.3986705541610718,0.5572727918624878,2.758331298828125,2.918075561523437,Fixation,1017.1543407440186,801.7229905128479,156.0,14.0,True,19,image,,10.0
3052.0,1021.7411804199219,807.8876209259033,0.3951722979545593,0.5666707754135132,0.399117648601532,0.5610330700874329,2.789886474609375,2.893585205078125,Fixation,1017.1543407440186,801.7229905128479,156.0,14.0,True,19,image,,10.0
3056.0,1020.1438140869141,797.402458190918,0.3921937346458435,0.5571929216384888,0.3984936773777008,0.5537517070770264,2.7689971923828125,2.897369384765625,Fixation,1017.1543407440186,801.7229905128479,156.0,14.0,True,19,image,,10.0
3060.0,1015.4486846923827,806.9097518920898,0.3954098522663116,0.5642798542976379,0.396659642457962,0.5603539943695068,2.7807159423828125,2.9040985107421875,Fixation,1017.1543407440186,801.7229905128479,156.0,14.0,True,19,image,,10.0
3064.0,1017.5463104248046,798.2142448425293,0.3934839367866516,0.5692930817604065,0.3974790275096893,0.554315447807312,2.80145263671875,2.888778686523437,Fixation,1017.1543407440186,801.7229905128479,156.0,14.0,True,19,image,,10.0
3068.0,1017.5295257568358,812.2225856781006,0.3969134092330932,0.562008798122406,0.397472470998764,0.5640434622764587,2.7832794189453125,2.884063720703125,Fixation,1017.1543407440186,801.7229905128479,156.0,14.0,True,19,image,,10.0
3072.0,1009.4351959228516,798.0493640899658,0.395934134721756,0.5650899410247803,0.3943106234073639,0.5542009472846985,2.797592163085937,2.878204345703125,Fixation,1017.1543407440186,801.7229905128479,156.0,14.0,True,19,image,,10.0
3076.0,1023.6828613281249,796.1539649963379,0.3966993391513824,0.5668727159500122,0.3998761177062988,0.5528846979141235,2.780059814453125,2.8811798095703125,Fixation,1017.1543407440186,801.7229905128479,156.0,14.0,True,19,image,,10.0
3080.0,1015.4383087158203,798.8404655456543,0.3951172232627868,0.5582895278930664,0.3966555893421173,0.5547503232955933,2.757171630859375,2.8951568603515625,Fixation,1017.1543407440186,801.7229905128479,156.0,14.0,True,19,image,,10.0
3084.0,1021.0652160644531,808.0307006835938,0.3939170241355896,0.5654087066650391,0.398853600025177,0.5611324310302734,2.78057861328125,2.89581298828125,Fixation,1017.1543407440186,801.7229905128479,156.0,14.0,True,19,image,,10.0
3088.0,1018.2083129882811,802.8301334381104,0.396696388721466,0.5622981190681458,0.3977376222610473,0.5575209259986877,2.777328491210937,2.8890838623046875,Fixation,1017.1543407440186,801.7229905128479,156.0,14.0,True,19,image,,10.0
3092.0,1017.7526092529296,805.0210475921631,0.4000470340251922,0.5665318965911865,0.3975596129894256,0.5590423941612244,2.800262451171875,2.8939666748046875,Fixation,1017.1543407440186,801.7229905128479,156.0,14.0,True,19,image,,10.0
3096.0,1021.951446533203,810.6056213378906,0.395611047744751,0.5622547268867493,0.3991997838020324,0.5629205703735352,2.784698486328125,2.920074462890625,Fixation,1017.1543407440186,801.7229905128479,156.0,14.0,True,19,image,,10.0
3100.0,1043.7135314941406,797.5718021392822,0.4056959450244903,0.5579531192779541,0.4077005982398987,0.5538693070411682,2.779510498046875,2.891448974609375,Fixation,1017.1543407440186,801.7229905128479,156.0,14.0,True,19,image,,10.0
3104.0,1086.9340515136719,780.6218719482422,0.4140951037406921,0.550285816192627,0.4245836138725281,0.5420985221862793,2.786727905273437,2.917633056640625,Fixation,1017.1543407440186,801.7229905128479,156.0,14.0,True,19,image,,10.0
3108.0,1144.7028350830078,755.6593036651611,0.4383444488048553,0.5479946136474609,0.4471495449542999,0.5247634053230286,2.837020874023437,2.9039764404296875,Saccade,,,,0.0,False,20,,,
3112.0,1183.042755126953,772.3687362670898,0.4560612142086029,0.5368767380714417,0.462126076221466,0.5363671779632568,2.8260498046875,2.9342803955078125,Saccade,,,,0.0,False,20,,,
3116.0,1212.8620910644531,757.4836349487305,0.4650101065635681,0.5385485887527466,0.473774254322052,0.5260303020477295,2.8431854248046875,2.9096832275390625,Saccade,,,,0.0,False,20,,,
3120.0,1232.5086975097656,754.8037433624268,0.474508672952652,0.5206422805786133,0.4814487099647522,0.5241692662239075,2.8252105712890625,2.921630859375,Saccade,,,,0.0,False,20,,,
3124.0,1241.0955810546875,747.9410648345947,0.4817920923233032,0.5204843878746033,0.4848029613494873,0.5194035172462463,2.8507080078125,2.908660888671875,Saccade,,,,0.0,False,20,,,
3128.0,1263.1312561035156,738.054141998291,0.4895530045032501,0.5186507701873779,0.4934106469154358,0.5125375986099243,2.853759765625,2.8720703125,Fixation,1269.2458986768536,743.9089814354392,200.0,15.0,True,21,image,,10.0
3132.0,1274.2301940917966,757.2257995605469,0.4916121363639831,0.5056981444358826,0.4977461695671081,0.5258512496948242,2.856048583984375,2.91943359375,Fixation,1269.2458986768536,743.9089814354392,200.0,15.0,True,21,image,,10.0
3136.0,1268.9833831787107,743.5988903045654,0.4912707209587097,0.5094459056854248,0.4956966340541839,0.5163881182670593,2.8699951171875,2.8922576904296875,Fixation,1269.2458986768536,743.9089814354392,200.0,15.0,True,21,image,,10.0
3140.0,1256.1109924316406,744.5092105865479,0.4916949868202209,0.5145080089569092,0.4906683564186096,0.5170202851295471,2.877059936523437,2.873397827148437,Fixation,1269.2458986768536,743.9089814354392,200.0,15.0,True,21,image,,10.0
3144.0,1258.9337921142576,752.2399806976318,0.4930246472358703,0.5076162219047546,0.4917710125446319,0.5223888754844666,2.8531646728515625,2.9026641845703125,Fixation,1269.2458986768536,743.9089814354392,200.0,15.0,True,21,image,,10.0
3148.0,1261.0728454589841,752.0661735534668,0.4964556097984314,0.5132246613502502,0.4926065802574157,0.5222681760787964,2.855209350585937,2.92303466796875,Fixation,1269.2458986768536,743.9089814354392,200.0,15.0,True,21,image,,10.0
3152.0,1268.1497192382812,747.6444339752197,0.4956510066986084,0.5036736130714417,0.4953709840774536,0.5191975235939026,2.849578857421875,2.9182281494140625,Fixation,1269.2458986768536,743.9089814354392,200.0,15.0,True,21,image,,10.0
3156.0,1266.5228271484375,742.9368782043457,0.4926099777221679,0.5056226849555969,0.4947354793548584,0.5159283876419067,2.8417510986328125,2.9134674072265625,Fixation,1269.2458986768536,743.9089814354392,200.0,15.0,True,21,image,,10.0
3160.0,1265.0666046142576,742.4326229095459,0.4922207593917846,0.5194926261901855,0.4941666424274444,0.5155782103538513,2.8648223876953125,2.912872314453125,Fixation,1269.2458986768536,743.9089814354392,200.0,15.0,True,21,image,,10.0
3164.0,1268.5784149169922,749.0397834777832,0.4964797496795654,0.511245846748352,0.4955384433269501,0.5201665163040161,2.853515625,2.9190673828125,Fixation,1269.2458986768536,743.9089814354392,200.0,15.0,True,21,image,,10.0
3168.0,1268.2466888427734,739.4448566436768,0.4942981302738189,0.5127647519111633,0.4954088628292084,0.51350337266922,2.8514556884765625,2.918701171875,Fixation,1269.2458986768536,743.9089814354392,200.0,15.0,True,21,image,,10.0
3172.0,1273.9457702636719,738.215160369873,0.4934502840042114,0.5126461386680603,0.4976350665092468,0.512649416923523,2.852569580078125,2.8907012939453125,Fixation,1269.2458986768536,743.9089814354392,200.0,15.0,True,21,image,,10.0
3176.0,1263.6935424804688,749.1077613830566,0.4930309951305389,0.5170668959617615,0.4936302900314331,0.5202137231826782,2.8572235107421875,2.922103881835937,Fixation,1269.2458986768536,743.9089814354392,200.0,15.0,True,21,image,,10.0
3180.0,1267.391586303711,744.8611164093018,0.4929277598857879,0.518657922744751,0.4950748383998871,0.5172646641731262,2.89727783203125,2.9250030517578125,Fixation,1269.2458986768536,743.9089814354392,200.0,15.0,True,21,image,,10.0
3184.0,1272.8384399414062,741.5393829345703,0.492584615945816,0.5133419632911682,0.4972025156021118,0.5149579048156738,2.8599090576171875,2.914047241210937,Fixation,1269.2458986768536,743.9089814354392,200.0,15.0,True,21,image,,10.0
3188.0,1268.18733215332,740.1462650299072,0.4924278557300567,0.5145592093467712,0.4953856766223907,0.5139904618263245,2.857772827148437,2.9050445556640625,Fixation,1269.2458986768536,743.9089814354392,200.0,15.0,True,21,image,,10.0
3192.0,1268.0078125,697.1877908706665,0.4901572465896606,0.5195855498313904,0.4953155517578125,0.4841581881046295,2.8750457763671875,2.8460693359375,Fixation,1269.2458986768536,743.9089814354392,200.0,15.0,True,21,image,,10.0
3196.0,1267.154769897461,716.9775152206421,0.493099957704544,0.5194768309593201,0.4949823319911957,0.497901052236557,2.864364624023437,2.88336181640625,Fixation,1269.2458986768536,743.9089814354392,200.0,15.0,True,21,image,,10.0
3200.0,1265.6275939941406,708.3714866638184,0.4936542510986328,0.5208382606506348,0.4943857789039612,0.4919246435165405,2.855926513671875,2.8753814697265625,Fixation,1269.2458986768536,743.9089814354392,200.0,15.0,True,21,image,,10.0
3204.0,1267.2782897949216,740.0173473358154,0.4941647052764892,0.5160739421844482,0.4950305819511413,0.5139009356498718,2.86492919921875,2.915252685546875,Fixation,1269.2458986768536,743.9089814354392,200.0,15.0,True,21,image,,10.0
3208.0,1267.4728393554688,742.8745651245117,0.4965562522411346,0.515993058681488,0.49510657787323,0.5158851146697998,2.8467254638671875,2.940780639648437,Fixation,1269.2458986768536,743.9089814354392,200.0,15.0,True,21,image,,10.0
3212.0,1265.7898712158203,742.4330520629883,0.491071492433548,0.5169740319252014,0.4944491684436798,0.5155785083770752,2.8706207275390625,2.9378814697265625,Fixation,1269.2458986768536,743.9089814354392,200.0,15.0,True,21,image,,10.0
3216.0,1273.6396789550781,739.7416591644287,0.4932836294174194,0.5193750262260437,0.4975154995918274,0.5137094855308533,2.873779296875,2.9272918701171875,Fixation,1269.2458986768536,743.9089814354392,200.0,15.0,True,21,image,,10.0
3220.0,1267.5959777832031,744.0529346466064,0.4932976067066192,0.517898440361023,0.4951546788215637,0.5167034268379211,2.861068725585937,2.930816650390625,Fixation,1269.2458986768536,743.9089814354392,200.0,15.0,True,21,image,,10.0
3224.0,1263.7918853759763,733.4357643127441,0.4941272139549255,0.5069214105606079,0.4936687052249908,0.5093303918838501,2.8407440185546875,2.920806884765625,Fixation,1269.2458986768536,743.9089814354392,200.0,15.0,True,21,image,,10.0
3228.0,1264.7826385498045,748.7478733062744,0.4932360649108886,0.5100470185279846,0.4940557181835174,0.519963800907135,2.8497467041015625,2.93511962890625,Fixation,1269.2458986768536,743.9089814354392,200.0,15.0,True,21,image,,10.0
3232.0,1265.210189819336,739.8745250701904,0.4946651458740234,0.5212010741233826,0.4942227303981781,0.5138017535209656,2.8903350830078125,2.9331817626953125,Fixation,1269.2458986768536,743.9089814354392,200.0,15.0,True,21,image,,10.0
3236.0,1267.8184509277341,750.4731559753418,0.4918702244758606,0.5151268839836121,0.4952415823936462,0.5211619138717651,2.8550567626953125,2.9168701171875,Fixation,1269.2458986768536,743.9089814354392,200.0,15.0,True,21,image,,10.0
3240.0,1265.728302001953,753.2185363769531,0.4964916408061981,0.5149747133255005,0.4944251179695129,0.5230684280395508,2.86370849609375,2.9485015869140625,Fixation,1269.2458986768536,743.9089814354392,200.0,15.0,True,21,image,,10.0
3244.0,1265.9123229980466,744.9405097961426,0.4944000542163849,0.515259861946106,0.494497001171112,0.5173197984695435,2.890716552734375,2.9265594482421875,Fixation,1269.2458986768536,743.9089814354392,200.0,15.0,True,21,image,,10.0
3248.0,1265.4415893554688,746.1127853393555,0.4945988357067108,0.5085696578025818,0.49431312084198,0.5181338787078857,2.866607666015625,2.9573974609375,Fixation,1269.2458986768536,743.9089814354392,200.0,15.0,True,21,image,,10.0
3252.0,1274.5791625976562,743.0009937286377,0.4956687688827514,0.5153226256370544,0.4978824853897095,0.515972912311554,2.8838348388671875,2.9123077392578125,Fixation,1269.2458986768536,743.9089814354392,200.0,15.0,True,21,image,,10.0
3256.0,1270.8558654785154,745.5409812927246,0.4945330619812011,0.5174264311790466,0.4964280724525451,0.5177367925643921,2.8877716064453125,2.9312896728515625,Fixation,1269.2458986768536,743.9089814354392,200.0,15.0,True,21,image,,10.0
3260.0,1264.6355438232422,753.3647918701172,0.4946352839469909,0.515892505645752,0.493998259305954,0.523169994354248,2.874496459960937,2.938018798828125,Fixation,1269.2458986768536,743.9089814354392,200.0,15.0,True,21,image,,10.0
3264.0,1270.3299713134766,752.0387935638428,0.4954401552677154,0.5158677697181702,0.4962226450443268,0.522249162197113,2.867416381835937,2.9391021728515625,Fixation,1269.2458986768536,743.9089814354392,200.0,15.0,True,21,image,,10.0
3268.0,1263.9726257324219,749.7926902770996,0.4966183304786682,0.511278510093689,0.4937393069267273,0.5206893682479858,2.868011474609375,2.952606201171875,Fixation,1269.2458986768536,743.9089814354392,200.0,15.0,True,21,image,,10.0
3272.0,1270.0575256347656,745.7897186279297,0.4939244091510772,0.5110228657722473,0.4961162209510803,0.5179095268249512,2.867889404296875,2.92724609375,Fixation,1269.2458986768536,743.9089814354392,200.0,15.0,True,21,image,,10.0
3276.0,1275.0397491455078,754.8007392883301,0.4970681071281433,0.514671266078949,0.498062402009964,0.5241671800613403,2.87127685546875,2.9249725341796875,Fixation,1269.2458986768536,743.9089814354392,200.0,15.0,True,21,image,,10.0
3280.0,1274.9517822265625,749.8819541931152,0.4970894455909729,0.515595018863678,0.498028039932251,0.5207513570785522,2.887802124023437,2.92449951171875,Fixation,1269.2458986768536,743.9089814354392,200.0,15.0,True,21,image,,10.0
3284.0,1277.9847717285156,744.9372482299805,0.4978208541870117,0.5185826420783997,0.4992128014564514,0.517317533493042,2.8877410888671875,2.92901611328125,Fixation,1269.2458986768536,743.9089814354392,200.0,15.0,True,21,image,,10.0
3288.0,1262.937316894531,746.0232639312744,0.4971471726894378,0.5148892998695374,0.4933348894119262,0.518071711063385,2.899444580078125,2.9265899658203125,Fixation,1269.2458986768536,743.9089814354392,200.0,15.0,True,21,image,,10.0
3292.0,1274.191207885742,745.5821800231934,0.4972713589668274,0.5183592438697815,0.497730940580368,0.5177654027938843,2.884002685546875,2.916122436523437,Fixation,1269.2458986768536,743.9089814354392,200.0,15.0,True,21,image,,10.0
3296.0,1263.4031677246091,749.3000221252441,0.4956876337528229,0.5053815245628357,0.4935168623924255,0.5203472375869751,2.8466796875,2.9297027587890625,Fixation,1269.2458986768536,743.9089814354392,200.0,15.0,True,21,image,,10.0
3300.0,1270.9622955322266,742.5653171539307,0.4961185157299042,0.5081002116203308,0.496469646692276,0.5156703591346741,2.8748016357421875,2.9158935546875,Fixation,1269.2458986768536,743.9089814354392,200.0,15.0,True,21,image,,10.0
3304.0,1272.2605895996094,753.7879371643066,0.4961622655391693,0.5094651579856873,0.4969767928123474,0.5234638452529907,2.872314453125,2.930450439453125,Fixation,1269.2458986768536,743.9089814354392,200.0,15.0,True,21,image,,10.0
3308.0,1275.6935119628904,762.795524597168,0.4988735914230346,0.5063272714614868,0.4983177781105041,0.5297191143035889,2.86346435546875,2.937530517578125,Fixation,1269.2458986768536,743.9089814354392,200.0,15.0,True,21,image,,10.0
3312.0,1270.893859863281,751.1337947845459,0.4962208271026611,0.5058698654174805,0.4964429140090942,0.5216206908226013,2.8634033203125,2.9274444580078125,Fixation,1269.2458986768536,743.9089814354392,200.0,15.0,True,21,image,,10.0
3316.0,1276.288146972656,735.4945850372314,0.4973339736461639,0.5119249820709229,0.4985500574111938,0.5107601284980774,2.873565673828125,2.884307861328125,Fixation,1269.2458986768536,743.9089814354392,200.0,15.0,True,21,image,,10.0
3320.0,1284.1310119628906,754.3403434753418,0.4977674484252929,0.510353147983551,0.5016136765480042,0.5238474607467651,2.8758544921875,2.926849365234375,Fixation,1269.2458986768536,743.9089814354392,200.0,15.0,True,21,image,,10.0
3324.0,1274.4226837158203,751.3934326171875,0.498236745595932,0.5009517669677734,0.4978213608264923,0.5218009948730469,2.896713256835937,2.9425506591796875,Fixation,1269.2458986768536,743.9089814354392,200.0,15.0,True,21,image,,10.0
3328.0,1297.6144409179688,736.2717819213867,0.5039263367652893,0.4853865802288055,0.5068806409835815,0.5112998485565186,2.855072021484375,2.94549560546875,Fixation,1269.2458986768536,743.9089814354392,200.0,15.0,True,21,image,,10.0
3332.0,1329.0928649902344,702.2440767288208,0.5171937942504883,0.4546093642711639,0.5191769003868103,0.4876694977283478,2.8229217529296875,2.950103759765625,Saccade,,,,0.0,False,22,,,
3336.0,1351.2100219726562,688.3767557144165,0.5219981074333191,0.4497754871845245,0.5278164148330688,0.478039413690567,2.818572998046875,2.951644897460937,Saccade,,,,0.0,False,22,,,
3340.0,1361.9380187988281,665.2269744873047,0.5292816162109375,0.4465688467025757,0.5320070385932922,0.4619631767272949,2.8218231201171875,2.94580078125,Saccade,,,,0.0,False,22,,,
3344.0,1366.0885620117188,600.370774269104,0.5352104306221008,0.4680524468421936,0.5336283445358276,0.4169241487979889,2.8756256103515625,2.858139038085937,Fixation,1383.8192358682322,620.4918070726617,168.0,16.0,True,23,image,,10.0
3348.0,1391.9581604003906,601.1505031585693,0.5394806861877441,0.4659219682216644,0.5437336564064026,0.4174656271934509,2.87603759765625,2.8527374267578125,Fixation,1383.8192358682322,620.4918070726617,168.0,16.0,True,23,image,,10.0
3352.0,1390.2081298828125,618.2411527633667,0.5434085130691528,0.4424835443496704,0.5430500507354736,0.4293341338634491,2.8224334716796875,2.8838348388671875,Fixation,1383.8192358682322,620.4918070726617,168.0,16.0,True,23,image,,10.0
3356.0,1385.8074951171875,623.8426780700684,0.5424890518188477,0.4615651667118072,0.5413310527801514,0.433224081993103,2.8579864501953125,2.892318725585937,Fixation,1383.8192358682322,620.4918070726617,168.0,16.0,True,23,image,,10.0
3360.0,1378.712158203125,648.1715154647826,0.5438701510429382,0.4428692758083343,0.5385594367980957,0.4501191079616546,2.821029663085937,2.947738647460937,Fixation,1383.8192358682322,620.4918070726617,168.0,16.0,True,23,image,,10.0
3364.0,1380.7293701171875,628.0548191070557,0.5435873866081238,0.4608654379844665,0.5393474102020264,0.4361491799354553,2.8840484619140625,2.914794921875,Fixation,1383.8192358682322,620.4918070726617,168.0,16.0,True,23,image,,10.0
3368.0,1381.5762329101562,594.0346240997314,0.5404709577560425,0.4331044852733612,0.5396782159805298,0.4125240445137024,2.7976226806640625,2.8460845947265625,Fixation,1383.8192358682322,620.4918070726617,168.0,16.0,True,23,image,,10.0
3372.0,1370.4867553710938,650.2942371368407,0.5446458458900452,0.4509213864803314,0.5353463888168335,0.4515932202339172,2.8418731689453125,2.968002319335937,Fixation,1383.8192358682322,620.4918070726617,168.0,16.0,True,23,image,,10.0
3376.0,1390.0509643554688,604.2499780654906,0.5407821536064148,0.4522004127502441,0.542988657951355,0.4196180403232574,2.8546295166015625,2.866317749023437,Fixation,1383.8192358682322,620.4918070726617,168.0,16.0,True,23,image,,10.0
3380.0,1386.6903686523438,624.76655960083,0.5401086807250977,0.4568688869476318,0.5416759252548218,0.4338656663894653,2.86102294921875,2.90594482421875,Fixation,1383.8192358682322,620.4918070726617,168.0,16.0,True,23,image,,10.0
3384.0,1384.3885803222656,615.8156204223632,0.5427864193916321,0.44715216755867,0.540776789188385,0.4276497364044189,2.8468017578125,2.865478515625,Fixation,1383.8192358682322,620.4918070726617,168.0,16.0,True,23,image,,10.0
3388.0,1384.3647766113281,630.9541368484496,0.5403101444244385,0.45984748005867,0.5407674908638,0.4381625950336456,2.871673583984375,2.906219482421875,Fixation,1383.8192358682322,620.4918070726617,168.0,16.0,True,23,image,,10.0
3392.0,1396.12548828125,599.4856452941895,0.543411135673523,0.4339129328727722,0.5453615188598633,0.4163094758987427,2.8243408203125,2.8320465087890625,Fixation,1383.8192358682322,620.4918070726617,168.0,16.0,True,23,image,,10.0
3396.0,1392.9049682617188,610.8924579620361,0.5423124432563782,0.4653117954730987,0.5441035032272339,0.4242308735847473,2.8780517578125,2.863128662109375,Fixation,1383.8192358682322,620.4918070726617,168.0,16.0,True,23,image,,10.0
3400.0,1385.557861328125,630.1497745513915,0.5422375202178955,0.4326373040676117,0.5412335395812988,0.437604010105133,2.806488037109375,2.894027709960937,Fixation,1383.8192358682322,620.4918070726617,168.0,16.0,True,23,image,,10.0
3404.0,1378.6610412597656,622.2922325134276,0.5397016406059265,0.4604476392269134,0.538539469242096,0.4321473836898803,2.8653717041015625,2.895980834960937,Fixation,1383.8192358682322,620.4918070726617,168.0,16.0,True,23,image,,10.0
3408.0,1387.0793151855469,622.7958869934081,0.5392000675201416,0.435718297958374,0.5418278574943542,0.4324971437454223,2.7972869873046875,2.8670196533203125,Fixation,1383.8192358682322,620.4918070726617,168.0,16.0,True,23,image,,10.0
3412.0,1383.0465698242188,646.2718248367308,0.5407848358154297,0.4387442767620086,0.5402525663375854,0.4487998783588409,2.830047607421875,2.928955078125,Fixation,1383.8192358682322,620.4918070726617,168.0,16.0,True,23,image,,10.0
3416.0,1386.4309692382812,628.9858245849609,0.5415999889373779,0.4436341524124145,0.5415745973587036,0.436795711517334,2.8358612060546875,2.8797149658203125,Fixation,1383.8192358682322,620.4918070726617,168.0,16.0,True,23,image,,10.0
3420.0,1384.237060546875,626.805682182312,0.5384023785591125,0.4343866109848022,0.540717601776123,0.4352817237377167,2.822998046875,2.901763916015625,Fixation,1383.8192358682322,620.4918070726617,168.0,16.0,True,23,image,,10.0
3424.0,1389.5883178710938,630.7115793228149,0.5408664345741272,0.445701003074646,0.542807936668396,0.4379941523075104,2.8485260009765625,2.8943634033203125,Fixation,1383.8192358682322,620.4918070726617,168.0,16.0,True,23,image,,10.0
3428.0,1387.6850891113281,646.1346244812012,0.5400514006614685,0.4483706951141357,0.5420644879341125,0.4487046003341675,2.856063842773437,2.899993896484375,Fixation,1383.8192358682322,620.4918070726617,168.0,16.0,True,23,image,,10.0
3432.0,1391.7242431640625,631.6930103302002,0.5385158061981201,0.4583187997341156,0.5436422824859619,0.4386757016181946,2.877792358398437,2.867294311523437,Fixation,1383.8192358682322,620.4918070726617,168.0,16.0,True,23,image,,10.0
3436.0,1389.0040588378906,611.7941093444824,0.5385357141494751,0.4537526369094848,0.542579710483551,0.4248570203781128,2.867523193359375,2.8431396484375,Fixation,1383.8192358682322,620.4918070726617,168.0,16.0,True,23,image,,10.0
3440.0,1381.9522094726562,634.2535114288329,0.5379295349121094,0.4501931667327881,0.5398250818252563,0.440453827381134,2.8504180908203125,2.872039794921875,Fixation,1383.8192358682322,620.4918070726617,168.0,16.0,True,23,image,,10.0
3444.0,1379.2694091796875,656.5251159667969,0.5389105677604675,0.4166723787784576,0.5387771129608154,0.4559202194213867,2.782196044921875,2.9073028564453125,Fixation,1383.8192358682322,620.4918070726617,168.0,16.0,True,23,image,,10.0
3448.0,1383.2679748535156,642.6665496826171,0.5410985350608826,0.4394061863422394,0.5403390526771545,0.446296215057373,2.83184814453125,2.9052886962890625,Fixation,1383.8192358682322,620.4918070726617,168.0,16.0,True,23,image,,10.0
3452.0,1388.8589477539062,628.6522006988524,0.5397231578826904,0.4347694814205169,0.5425230264663696,0.436564028263092,2.809295654296875,2.85858154296875,Fixation,1383.8192358682322,620.4918070726617,168.0,16.0,True,23,image,,10.0
3456.0,1380.3390502929688,597.8243494033813,0.5414349436759949,0.4214152097702026,0.5391949415206909,0.4151557981967926,2.7950592041015625,2.832611083984375,Fixation,1383.8192358682322,620.4918070726617,168.0,16.0,True,23,image,,10.0
3460.0,1389.1610717773438,613.6073684692383,0.5400211811065674,0.4305275678634643,0.5426410436630249,0.4261162281036377,2.8093414306640625,2.8544158935546875,Fixation,1383.8192358682322,620.4918070726617,168.0,16.0,True,23,image,,10.0
3464.0,1378.3616638183594,655.0414896011353,0.5419319272041321,0.4423794746398926,0.5384225249290466,0.4548899233341217,2.834930419921875,2.928558349609375,Fixation,1383.8192358682322,620.4918070726617,168.0,16.0,True,23,image,,10.0
3468.0,1380.5305480957031,627.4039220809935,0.5374563932418823,0.4218218028545379,0.539269745349884,0.4356971681118011,2.790863037109375,2.8703155517578125,Fixation,1383.8192358682322,620.4918070726617,168.0,16.0,True,23,image,,10.0
3472.0,1388.1886291503906,635.0274467468261,0.5418555736541748,0.4293076992034912,0.5422611832618713,0.4409912824630737,2.806182861328125,2.8807373046875,Fixation,1383.8192358682322,620.4918070726617,168.0,16.0,True,23,image,,10.0
3476.0,1380.4837036132812,650.646743774414,0.5407823920249939,0.4403561353683471,0.539251446723938,0.4518380165100097,2.82574462890625,2.903076171875,Fixation,1383.8192358682322,620.4918070726617,168.0,16.0,True,23,image,,10.0
3480.0,1385.5929565429688,632.7913427352904,0.5408784747123718,0.4224651753902435,0.5412472486495972,0.4394384324550628,2.7928009033203125,2.8719635009765625,Fixation,1383.8192358682322,620.4918070726617,168.0,16.0,True,23,image,,10.0
3484.0,1388.9085388183594,633.1738471984863,0.5378363728523254,0.4209826588630676,0.5425423979759216,0.4397040605545044,2.7928619384765625,2.8590240478515625,Fixation,1383.8192358682322,620.4918070726617,168.0,16.0,True,23,image,,10.0
3488.0,1386.7501831054688,597.175555229187,0.5389341711997986,0.4266076683998108,0.5416992902755737,0.4147052466869354,2.7965850830078125,2.824813842773437,Fixation,1383.8192358682322,620.4918070726617,168.0,16.0,True,23,image,,10.0
3492.0,1383.9932250976562,613.1468009948729,0.5403106808662415,0.4181243777275085,0.540622353553772,0.4257963895797729,2.782318115234375,2.855575561523437,Fixation,1383.8192358682322,620.4918070726617,168.0,16.0,True,23,image,,10.0
3496.0,1381.2336730957031,595.2252244949341,0.5419262051582336,0.4343160390853882,0.539544403553009,0.4133508503437042,2.8410797119140625,2.810409545898437,Fixation,1383.8192358682322,620.4918070726617,168.0,16.0,True,23,image,,10.0
3500.0,1378.7844848632812,604.0521383285521,0.5377333164215088,0.4071992337703705,0.5385876893997192,0.4194806516170501,2.7899169921875,2.8640289306640625,Fixation,1383.8192358682322,620.4918070726617,168.0,16.0,True,23,image,,10.0
3504.0,1377.8666687011719,576.2595605850219,0.5358708500862122,0.3940145671367645,0.5382291674613953,0.4001802504062652,2.815887451171875,2.84619140625,Fixation,1383.8192358682322,620.4918070726617,168.0,16.0,True,23,image,,10.0
3508.0,1377.5881958007812,575.8056879043579,0.5365690588951111,0.3814648687839508,0.5381203889846802,0.399865061044693,2.811279296875,2.86749267578125,Fixation,1383.8192358682322,620.4918070726617,168.0,16.0,True,23,image,,10.0
3512.0,1369.9894714355469,563.9095973968505,0.536637544631958,0.3868814408779144,0.5351521372795105,0.3916038870811462,2.8299713134765625,2.859954833984375,Fixation,1383.8192358682322,620.4918070726617,168.0,16.0,True,23,image,,10.0
3516.0,1381.8656921386719,561.3270807266235,0.5367734432220459,0.3773174583911896,0.5397912859916687,0.3898104727268219,2.8331298828125,2.8443145751953125,Fixation,1378.5519117467543,572.6722303558798,268.0,17.0,True,24,image,,10.0
3520.0,1379.117431640625,587.214217185974,0.5395739674568176,0.3871566653251648,0.5387177467346191,0.4077876508235931,2.8403472900390625,2.878280639648437,Fixation,1378.5519117467543,572.6722303558798,268.0,17.0,True,24,image,,10.0
3524.0,1378.0441284179688,564.7348594665527,0.5388776659965515,0.3790148496627807,0.538298487663269,0.3921769857406616,2.8112030029296875,2.857269287109375,Fixation,1378.5519117467543,572.6722303558798,268.0,17.0,True,24,image,,10.0
3528.0,1373.9366149902344,593.1407403945923,0.539663553237915,0.387667566537857,0.5366939902305603,0.4119032919406891,2.817413330078125,2.8833770751953125,Fixation,1378.5519117467543,572.6722303558798,268.0,17.0,True,24,image,,10.0
3532.0,1377.7154541015625,589.4587326049805,0.5349652767181396,0.384819895029068,0.5381700992584229,0.409346342086792,2.80474853515625,2.8802032470703125,Fixation,1378.5519117467543,572.6722303558798,268.0,17.0,True,24,image,,10.0
3536.0,1383.4286499023438,572.7086162567139,0.5379133224487305,0.3862058222293854,0.540401816368103,0.3977143168449402,2.8150634765625,2.8455047607421875,Fixation,1378.5519117467543,572.6722303558798,268.0,17.0,True,24,image,,10.0
3540.0,1379.2723083496094,588.9550352096558,0.5379037857055664,0.390174388885498,0.5387782454490662,0.4089965522289276,2.824554443359375,2.849349975585937,Fixation,1378.5519117467543,572.6722303558798,268.0,17.0,True,24,image,,10.0
3544.0,1369.9272155761719,582.4567079544067,0.5382784008979797,0.3935116231441498,0.5351278185844421,0.404483824968338,2.832733154296875,2.8561248779296875,Fixation,1378.5519117467543,572.6722303558798,268.0,17.0,True,24,image,,10.0
3548.0,1379.0609741210938,579.5139169692992,0.5376458168029785,0.3878715932369232,0.5386956930160522,0.4024402201175689,2.82611083984375,2.857879638671875,Fixation,1378.5519117467543,572.6722303558798,268.0,17.0,True,24,image,,10.0
3552.0,1378.6747741699219,581.318163871765,0.5417370200157166,0.387480765581131,0.5385448336601257,0.4036931693553924,2.824462890625,2.8518829345703125,Fixation,1378.5519117467543,572.6722303558798,268.0,17.0,True,24,image,,10.0
3556.0,1373.853759765625,576.4301061630248,0.5366215109825134,0.3900894522666931,0.5366616249084473,0.4002986848354339,2.830841064453125,2.851547241210937,Fixation,1378.5519117467543,572.6722303558798,268.0,17.0,True,24,image,,10.0
3560.0,1378.0575561523438,570.6903076171875,0.5388443470001221,0.3892683684825897,0.5383037328720093,0.3963127136230469,2.826400756835937,2.8363494873046875,Fixation,1378.5519117467543,572.6722303558798,268.0,17.0,True,24,image,,10.0
3564.0,1380.0869750976562,585.4039621353149,0.5346365571022034,0.3901356160640716,0.539096474647522,0.4065305292606354,2.82672119140625,2.865631103515625,Fixation,1378.5519117467543,572.6722303558798,268.0,17.0,True,24,image,,10.0
3568.0,1376.1531066894531,574.0288639068602,0.5360923409461975,0.3909831047058105,0.5375598073005676,0.3986311554908752,2.828887939453125,2.842391967773437,Fixation,1378.5519117467543,572.6722303558798,268.0,17.0,True,24,image,,10.0
3572.0,1377.054443359375,574.0121269226073,0.5365797281265259,0.3881123661994934,0.5379118919372559,0.398619532585144,2.817718505859375,2.848114013671875,Fixation,1378.5519117467543,572.6722303558798,268.0,17.0,True,24,image,,10.0
3576.0,1377.78076171875,574.9218463897705,0.5385032296180725,0.3905981481075287,0.5381956100463867,0.3992512822151184,2.8077850341796875,2.830596923828125,Fixation,1378.5519117467543,572.6722303558798,268.0,17.0,True,24,image,,10.0
3580.0,1376.1201477050781,571.5129089355469,0.5400211215019226,0.3941095769405365,0.5375469326972961,0.3968839645385742,2.826156616210937,2.8447265625,Fixation,1378.5519117467543,572.6722303558798,268.0,17.0,True,24,image,,10.0
3584.0,1376.7588806152344,605.2645397186278,0.5367533564567566,0.3923818171024322,0.5377964377403259,0.4203225970268249,2.8203125,2.916961669921875,Fixation,1378.5519117467543,572.6722303558798,268.0,17.0,True,24,image,,10.0
3588.0,1383.5682678222656,582.4630165100098,0.5390620231628418,0.3900139927864074,0.5404563546180725,0.404488205909729,2.803375244140625,2.8590240478515625,Fixation,1378.5519117467543,572.6722303558798,268.0,17.0,True,24,image,,10.0
3592.0,1381.0601806640625,568.2729291915894,0.5389387607574463,0.3935931622982025,0.5394766330718994,0.3946339786052704,2.81964111328125,2.8438262939453125,Fixation,1378.5519117467543,572.6722303558798,268.0,17.0,True,24,image,,10.0
3596.0,1376.0011291503906,576.0928344726561,0.5350298285484314,0.3947794735431671,0.5375004410743713,0.400064468383789,2.8123321533203125,2.842742919921875,Fixation,1378.5519117467543,572.6722303558798,268.0,17.0,True,24,image,,10.0
3600.0,1383.0859375,580.6969642639159,0.5391916632652283,0.3955183327198028,0.5402679443359375,0.4032617807388305,2.8250885009765625,2.866561889648437,Fixation,1378.5519117467543,572.6722303558798,268.0,17.0,True,24,image,,10.0
3604.0,1380.8334350585938,568.1638813018798,0.5364559888839722,0.4000169932842254,0.5393880605697632,0.3945582509040832,2.8251495361328125,2.85308837890625,Fixation,1378.5519117467543,572.6722303558798,268.0,17.0,True,24,image,,10.0
3608.0,1376.16943359375,562.6696014404296,0.5346113443374634,0.39833864569664,0.5375661849975586,0.3907427787780761,2.8167877197265625,2.8386383056640625,Fixation,1378.5519117467543,572.6722303558798,268.0,17.0,True,24,image,,10.0
3612.0,1374.9497985839844,568.9285039901733,0.5383766889572144,0.3907319605350494,0.5370897650718689,0.3950892388820648,2.821151733398437,2.8471221923828125,Fixation,1378.5519117467543,572.6722303558798,268.0,17.0,True,24,image,,10.0
3616.0,1378.7510681152344,578.3386373519896,0.5372400283813477,0.3986303210258484,0.5385746359825134,0.4016240537166595,2.814437866210937,2.847503662109375,Fixation,1378.5519117467543,572.6722303558798,268.0,17.0,True,24,image,,10.0
3620.0,1372.1406555175781,589.8303365707396,0.5372072458267212,0.3995795547962188,0.535992443561554,0.409604400396347,2.831146240234375,2.8745269775390625,Fixation,1378.5519117467543,572.6722303558798,268.0,17.0,True,24,image,,10.0
3624.0,1375.7099914550781,565.9535694122314,0.5372450947761536,0.3982785940170288,0.5373867154121399,0.3930233120918274,2.8362274169921875,2.8365478515625,Fixation,1378.5519117467543,572.6722303558798,268.0,17.0,True,24,image,,10.0
3628.0,1374.8631286621094,591.8407058715819,0.5388670563697815,0.3999104499816894,0.5370559096336365,0.4110004901885986,2.82330322265625,2.878646850585937,Fixation,1378.5519117467543,572.6722303558798,268.0,17.0,True,24,image,,10.0
3632.0,1383.1362915039062,572.046947479248,0.5318403244018555,0.3959624469280243,0.5402876138687134,0.3972548246383667,2.8099365234375,2.8461151123046875,Fixation,1378.5519117467543,572.6722303558798,268.0,17.0,True,24,image,,10.0
3636.0,1378.1782531738281,563.7226152420043,0.5359876155853271,0.3966666758060455,0.5383508801460266,0.391474038362503,2.811614990234375,2.8361968994140625,Fixation,1378.5519117467543,572.6722303558798,268.0,17.0,True,24,image,,10.0
3640.0,1382.0414733886719,565.7981300354003,0.5389477014541626,0.3920968174934387,0.53985995054245,0.3929153680801391,2.8104400634765625,2.835418701171875,Fixation,1378.5519117467543,572.6722303558798,268.0,17.0,True,24,image,,10.0
3644.0,1377.8816223144531,576.8389177322387,0.5393091440200806,0.3981439769268036,0.5382350087165833,0.4005825817584991,2.8119354248046875,2.860321044921875,Fixation,1378.5519117467543,572.6722303558798,268.0,17.0,True,24,image,,10.0
3648.0,1373.887939453125,573.35054397583,0.5386732220649719,0.396289050579071,0.536674976348877,0.3981600999832153,2.805877685546875,2.834320068359375,Fixation,1378.5519117467543,572.6722303558798,268.0,17.0,True,24,image,,10.0
3652.0,1373.3639526367188,571.9255828857422,0.5342290997505188,0.3995699286460876,0.5364702939987183,0.3971705436706543,2.811019897460937,2.837158203125,Fixation,1378.5519117467543,572.6722303558798,268.0,17.0,True,24,image,,10.0
3656.0,1376.7634582519531,574.3468236923218,0.5370362401008606,0.3988069593906402,0.5377982258796692,0.3988519608974457,2.8274078369140625,2.8341064453125,Fixation,1378.5519117467543,572.6722303558798,268.0,17.0,True,24,image,,10.0
3660.0,1376.7819213867188,573.5742616653442,0.5367582440376282,0.3919781148433685,0.537805438041687,0.3983154594898224,2.811737060546875,2.8276519775390625,Fixation,1378.5519117467543,572.6722303558798,268.0,17.0,True,24,image,,10.0
3664.0,1379.581298828125,560.0867414474486,0.536860466003418,0.3953340351581573,0.5388989448547363,0.3889491260051727,2.792999267578125,2.8110504150390625,Fixation,1378.5519117467543,572.6722303558798,268.0,17.0,True,24,image,,10.0
3668.0,1381.8324279785156,564.2912864685059,0.5383911728858948,0.4045605957508087,0.5397782921791077,0.3918689489364624,2.815826416015625,2.8236236572265625,Fixation,1378.5519117467543,572.6722303558798,268.0,17.0,True,24,image,,10.0
3672.0,1374.4898986816406,570.344796180725,0.5393788814544678,0.4094939827919006,0.5369101166725159,0.3960727751255035,2.8348388671875,2.829010009765625,Fixation,1378.5519117467543,572.6722303558798,268.0,17.0,True,24,image,,10.0
3676.0,1371.6969299316406,564.6760654449463,0.5363844633102417,0.3993758857250213,0.5358191132545471,0.3921361565589905,2.818695068359375,2.838348388671875,Fixation,1378.5519117467543,572.6722303558798,268.0,17.0,True,24,image,,10.0
3680.0,1376.2872314453125,563.7547588348388,0.5374547839164734,0.3975802958011627,0.5376121997833252,0.3914963603019714,2.8209381103515625,2.8431396484375,Fixation,1378.5519117467543,572.6722303558798,268.0,17.0,True,24,image,,10.0
3684.0,1382.4818420410156,562.8584718704224,0.5383043885231018,0.4004567265510559,0.5400319695472717,0.3908739387989044,2.8148345947265625,2.8368682861328125,Fixation,1378.5519117467543,572.6722303558798,268.0,17.0,True,24,image,,10.0
3688.0,1382.4549865722656,560.8132553100586,0.539898693561554,0.4009718298912048,0.5400214791297913,0.389453649520874,2.824127197265625,2.82818603515625,Fixation,1378.5519117467543,572.6722303558798,268.0,17.0,True,24,image,,10.0
3692.0,1382.8141784667969,561.0507917404175,0.5370656847953796,0.4042048156261444,0.5401617884635925,0.3896186053752899,2.8204498291015625,2.82037353515625,Fixation,1378.5519117467543,572.6722303558798,268.0,17.0,True,24,image,,10.0
3696.0,1382.6556396484375,557.7113342285156,0.5384247303009033,0.3988837003707886,0.5400998592376709,0.3872995376586914,2.7943878173828125,2.8259429931640625,Fixation,1378.5519117467543,572.6722303558798,268.0,17.0,True,24,image,,10.0
3700.0,1376.1140441894531,567.6233196258544,0.538496732711792,0.392402172088623,0.5375445485115051,0.3941828608512878,2.7851104736328125,2.8426971435546875,Fixation,1378.5519117467543,572.6722303558798,268.0,17.0,True,24,image,,10.0
3704.0,1376.0934448242188,570.1939487457275,0.5378673076629639,0.3972388803958893,0.5375365018844604,0.3959680199623108,2.808929443359375,2.846221923828125,Fixation,1378.5519117467543,572.6722303558798,268.0,17.0,True,24,image,,10.0
3708.0,1379.3013000488281,574.4730806350708,0.5387248396873474,0.4004486799240112,0.5387895703315735,0.3989396393299103,2.792205810546875,2.864654541015625,Fixation,1378.5519117467543,572.6722303558798,268.0,17.0,True,24,image,,10.0
3712.0,1375.457763671875,560.408091545105,0.5409229397773743,0.3970806300640106,0.5372881889343262,0.3891722857952118,2.8135986328125,2.8449859619140625,Fixation,1378.5519117467543,572.6722303558798,268.0,17.0,True,24,image,,10.0
3716.0,1377.3423767089844,560.8733797073364,0.5411925911903381,0.4010630249977112,0.538024365901947,0.3894954025745392,2.807159423828125,2.8414306640625,Fixation,1378.5519117467543,572.6722303558798,268.0,17.0,True,24,image,,10.0
3720.0,1382.1298217773438,565.4295730590819,0.5393680334091187,0.4041699767112732,0.5398944616317749,0.3926594257354736,2.821685791015625,2.8542633056640625,Fixation,1378.5519117467543,572.6722303558798,268.0,17.0,True,24,image,,10.0
3724.0,1381.9593811035156,562.6390886306763,0.5394247770309448,0.4017884731292724,0.5398278832435608,0.3907215893268585,2.8175811767578125,2.841461181640625,Fixation,1378.5519117467543,572.6722303558798,268.0,17.0,True,24,image,,10.0
3728.0,1385.7025146484375,570.6234884262084,0.539130687713623,0.401919960975647,0.5412900447845459,0.3962663114070892,2.807891845703125,2.8675537109375,Fixation,1378.5519117467543,572.6722303558798,268.0,17.0,True,24,image,,10.0
3732.0,1380.1657104492188,566.5487194061278,0.5416288375854492,0.3925943970680237,0.5391272306442261,0.3934366106986999,2.784027099609375,2.846038818359375,Fixation,1378.5519117467543,572.6722303558798,268.0,17.0,True,24,image,,10.0
3736.0,1383.22998046875,564.57839012146,0.5389191508293152,0.4020179212093353,0.5403242111206055,0.3920683264732361,2.8125152587890625,2.8476715087890625,Fixation,1378.5519117467543,572.6722303558798,268.0,17.0,True,24,image,,10.0
3740.0,1384.2108154296875,575.524034500122,0.5404955744743347,0.4078251421451568,0.5407073497772217,0.3996694684028625,2.825408935546875,2.880035400390625,Fixation,1378.5519117467543,572.6722303558798,268.0,17.0,True,24,image,,10.0
3744.0,1381.2516784667969,564.2703866958618,0.5396555662155151,0.4032103419303894,0.5395514369010925,0.3918544352054596,2.819931030273437,2.869903564453125,Fixation,1378.5519117467543,572.6722303558798,268.0,17.0,True,24,image,,10.0
3748.0,1380.9596252441406,575.5112886428833,0.5413850545883179,0.4079222083091736,0.5394373536109924,0.3996606171131134,2.83050537109375,2.86322021484375,Fixation,1378.5519117467543,572.6722303558798,268.0,17.0,True,24,image,,10.0
3752.0,1379.0934753417969,580.1599645614623,0.5405375361442566,0.3990699648857116,0.5387083888053894,0.4028888642787933,2.8075408935546875,2.873687744140625,Fixation,1378.5519117467543,572.6722303558798,268.0,17.0,True,24,image,,10.0
3756.0,1384.1502380371094,575.7186126708983,0.5409864187240601,0.4064418077468872,0.5406836867332458,0.3998045921325683,2.819442749023437,2.872161865234375,Fixation,1378.5519117467543,572.6722303558798,268.0,17.0,True,24,image,,10.0
3760.0,1379.0750122070312,572.727928161621,0.5398671627044678,0.4073884189128876,0.5387011766433716,0.3977277278900146,2.81646728515625,2.8763580322265625,Fixation,1378.5519117467543,572.6722303558798,268.0,17.0,True,24,image,,10.0
3764.0,1376.3819885253906,571.0858583450316,0.5388205051422119,0.4053657650947571,0.5376492142677307,0.3965874016284942,2.82806396484375,2.8636016845703125,Fixation,1378.5519117467543,572.6722303558798,268.0,17.0,True,24,image,,10.0
3768.0,1376.0691833496094,572.5507307052611,0.5401595830917358,0.4120707809925079,0.5375270247459412,0.3976046741008758,2.823577880859375,2.872909545898437,Fixation,1378.5519117467543,572.6722303558798,268.0,17.0,True,24,image,,10.0
3772.0,1379.041748046875,566.5118551254272,0.5374632477760315,0.4032371342182159,0.5386881828308105,0.3934110105037689,2.805389404296875,2.855255126953125,Fixation,1378.5519117467543,572.6722303558798,268.0,17.0,True,24,image,,10.0
3776.0,1380.6221008300781,572.3696279525757,0.5399061441421509,0.4035246968269348,0.5393055081367493,0.3974789083003998,2.8137664794921875,2.864364624023437,Fixation,1378.5519117467543,572.6722303558798,268.0,17.0,True,24,image,,10.0
3780.0,1370.1560974121094,579.3443155288696,0.541039764881134,0.4067462682723999,0.5352172255516052,0.4023224413394928,2.820297241210937,2.894515991210937,Fixation,1378.5519117467543,572.6722303558798,268.0,17.0,True,24,image,,10.0
3784.0,1382.6504516601562,569.0109443664551,0.5378690958023071,0.4107699394226074,0.5400978326797485,0.3951464891433716,2.834335327148437,2.851409912109375,Fixation,1378.5519117467543,572.6722303558798,268.0,17.0,True,24,image,,10.0
