AU1,AU2,AU4,AU5,AU6,AU7,AU9,AU10,AU11,AU12,AU13,AU14,AU15,AU16,AU17,AU18,AU19,AU20,AU22,AU23,AU24,AU25,AU26,AU27,AU32,AU38,AU39,AUL1,AUR1,AUL2,AUR2,AUL4,AUR4,AUL6,AUR6,AUL10,AUR10,AUL12,AUR12,AUL14,AUR14
0.2719009518623352,0.1352973878383636,0.5447432398796082,0.1022921949625015,0.4463421702384949,0.4860208034515381,0.2700893580913543,0.2188923805952072,0.0229313764721155,0.0979426056146621,0.0146124735474586,0.2290066927671432,0.1456460505723953,0.1192284524440765,0.5828672647476196,0.0732700526714325,0.0296164490282535,0.1697127372026443,0.0218306649476289,0.0672301203012466,0.0716832727193832,0.2260028570890426,0.1259052157402038,0.0562273375689983,0.0329872369766235,0.1739902943372726,0.0526039190590381,0.2285904586315155,0.4825558662414551,0.2476902604103088,0.2442643046379089,0.0795955210924148,0.0689285323023796,0.1170021444559097,0.0434047654271125,0.2601314783096313,0.0860804244875907,0.0803024619817733,0.0319155491888523,0.452587366104126,0.0848582684993743
0.2667010426521301,0.1315318048000335,0.5362263321876526,0.1158420592546463,0.4447088837623596,0.4866777658462524,0.2798532545566559,0.219732254743576,0.0230638328939676,0.1182278394699096,0.0164646245539188,0.2281847298145294,0.1424672603607177,0.1202732473611831,0.5772926807403564,0.0722419619560241,0.0301226153969764,0.1615315079689026,0.0218810644000768,0.0669028162956237,0.0759849324822425,0.2280132323503494,0.1261488646268844,0.0543861240148544,0.0336190834641456,0.1702415645122528,0.0516883209347724,0.2259500473737716,0.4808088541030884,0.2452041506767273,0.2451361268758773,0.0807500630617141,0.0708476454019546,0.1150608733296394,0.0434186197817325,0.2503998279571533,0.0862842574715614,0.0799930691719055,0.032877143472433,0.4493489265441894,0.0849494487047195
0.2661410570144653,0.1314155161380767,0.5298465490341187,0.1092289164662361,0.437605619430542,0.484446108341217,0.2753404974937439,0.2184642851352691,0.0232967026531696,0.1164999604225158,0.0158764198422431,0.2283568531274795,0.1401227116584777,0.1211186647415161,0.5747184753417969,0.0724885836243629,0.0304356720298528,0.1608051210641861,0.0219658073037862,0.0665750056505203,0.0767790675163269,0.2287191748619079,0.1265092194080352,0.0558260269463062,0.035074770450592,0.1710027754306793,0.0521927252411842,0.226549282670021,0.4804355204105377,0.246376022696495,0.2448035627603531,0.0816714912652969,0.0717957466840744,0.1159475892782211,0.0430441163480281,0.2524076104164123,0.0867246761918068,0.0800976529717445,0.033285267651081,0.4482951760292053,0.0851010009646415
0.2265928387641906,0.1065017208456993,0.4716857075691223,0.1229436919093132,0.3906826376914978,0.4376195669174194,0.2717820107936859,0.1907392740249633,0.0341811552643775,0.0868447721004486,0.0237698592245578,0.2042341232299804,0.1258653849363327,0.1374590396881103,0.5433350801467896,0.0694906115531921,0.0340431109070777,0.1947934478521347,0.026413720101118,0.0663780644536018,0.0845717415213584,0.1954137086868286,0.1088733524084091,0.0626569613814354,0.0600968897342681,0.1896684765815735,0.0493592470884323,0.2414661198854446,0.4888665974140167,0.2324289977550506,0.2340688109397888,0.0776018127799034,0.0679317265748977,0.1145828440785408,0.0447003245353698,0.2366171479225158,0.0820283889770507,0.0720036923885345,0.033663086593151,0.542841911315918,0.0826187804341316
0.2206412553787231,0.1061016097664833,0.4736688137054443,0.1230988353490829,0.3923503160476684,0.4387117028236389,0.2717152833938598,0.1924842000007629,0.0346876606345176,0.0871956124901771,0.0235167779028415,0.2042312026023864,0.1282067149877548,0.13790163397789,0.5452504754066467,0.069458931684494,0.0340447910130023,0.1953042149543762,0.0263517312705516,0.0670829266309738,0.0853461250662803,0.197096049785614,0.1093810945749282,0.0620522536337375,0.0591615438461303,0.1901565194129943,0.0486542880535125,0.2282456755638122,0.5136067867279053,0.232711911201477,0.2346467077732086,0.0772408545017242,0.068105325102806,0.1144429519772529,0.0445775873959064,0.2363276034593582,0.0822069197893142,0.0719916373491287,0.0335011072456836,0.5427359938621521,0.0825872123241424
0.2291860282421112,0.0972858220338821,0.4255662560462951,0.1361936628818512,0.3525524437427521,0.4216154217720032,0.2506089508533478,0.1813194751739502,0.023859079927206,0.0822894871234893,0.0282458141446113,0.2085700184106826,0.1224061697721481,0.14938585460186,0.5275496244430542,0.0698061361908912,0.03742491081357,0.2005881667137146,0.0267569348216056,0.0643966570496559,0.077374443411827,0.1886442601680755,0.0966103225946426,0.066868856549263,0.0680586993694305,0.2020900249481201,0.0532862022519111,0.2289714515209198,0.5174973011016846,0.2018479853868484,0.2305342704057693,0.0844916105270385,0.0720923542976379,0.1123843342065811,0.0466264523565769,0.2479395419359207,0.0842436850070953,0.0806583538651466,0.0344307869672775,0.5379098057746887,0.0827329903841018
0.2310442924499511,0.0972752720117569,0.4253272712230682,0.135748490691185,0.3525902330875397,0.4199714064598083,0.2490508258342743,0.1814985424280166,0.023624425753951,0.0826109498739242,0.0278865285217762,0.2082510292530059,0.1210789009928703,0.1488358974456787,0.5251383185386658,0.0697643905878067,0.0374265275895595,0.1988227218389511,0.0265636350959539,0.0638906136155128,0.076015681028366,0.1882098913192749,0.0962946563959121,0.0670374631881713,0.0674036294221878,0.2014429718255996,0.0527584627270698,0.2280875742435455,0.5183271169662476,0.2013243734836578,0.2307669818401336,0.0840657129883766,0.0720631778240203,0.1125673875212669,0.0468636378645896,0.2469000071287155,0.0840357020497322,0.0807900428771972,0.0343830287456512,0.5364468097686768,0.0821197032928466
0.2532040774822235,0.1237787455320358,0.4836061000823974,0.1312837749719619,0.372331291437149,0.4422188997268677,0.2626434564590454,0.1933725774288177,0.0253865793347358,0.0828201547265052,0.0291890054941177,0.231418177485466,0.1227059662342071,0.1444707214832306,0.5450565814971924,0.066649816930294,0.0391645766794681,0.1966074407100677,0.0262176916003227,0.0607855916023254,0.0770630091428756,0.1987585872411728,0.1072845682501792,0.0649664252996444,0.0494905821979045,0.1926915049552917,0.0735570788383483,0.2187057435512542,0.5091710090637207,0.2387104630470276,0.2287749052047729,0.0816849991679191,0.0681407749652862,0.1048959195613861,0.0444375202059745,0.2578594088554382,0.0867980346083641,0.0815633162856102,0.0362648218870162,0.465523362159729,0.0849229544401168
0.2439005970954895,0.098988652229309,0.4330900609493255,0.1333167105913162,0.3706578612327575,0.4265119135379791,0.2449572384357452,0.1868804395198822,0.0241005308926105,0.0839816853404045,0.0262937545776367,0.2136271744966507,0.1270230561494827,0.1452094167470932,0.5482115745544434,0.0676013678312301,0.0361351668834686,0.1988623142242431,0.026015967130661,0.0672006830573082,0.0783758461475372,0.1943326890468597,0.0987336561083793,0.0617724582552909,0.0454949289560318,0.1960177570581436,0.0522822439670562,0.2358834445476532,0.4922935366630554,0.1980821341276168,0.2320023775100708,0.0822435021400451,0.0712169855833053,0.1084207892417907,0.0441181324422359,0.2409944385290146,0.0817997753620147,0.0798048675060272,0.034378208220005,0.5272648334503174,0.0781537443399429
0.2397649586200714,0.1010294407606124,0.4649520218372345,0.1327342391014099,0.3830519020557403,0.4295924007892608,0.2368707507848739,0.1795687079429626,0.021820206195116,0.0809576287865638,0.0290352255105972,0.2074228376150131,0.1219756230711937,0.1488920897245407,0.5466938018798828,0.0718848928809166,0.035068966448307,0.1933807581663131,0.035958707332611,0.0705909878015518,0.081069678068161,0.1858000308275222,0.091131679713726,0.0639971792697906,0.0562537983059883,0.2127405107021331,0.0550392977893352,0.2212737202644348,0.5252865552902222,0.1999483108520507,0.2315505743026733,0.0844003111124038,0.0732658803462982,0.1198004633188247,0.0491127260029315,0.2514870166778564,0.0863854512572288,0.0801970809698104,0.0346188805997371,0.5321357250213623,0.079547993838787
0.2320669591426849,0.0994484573602676,0.4599020779132843,0.1400317847728729,0.3712883293628692,0.422190248966217,0.2475252151489257,0.1800508797168731,0.0226443614810705,0.0814112871885299,0.0271224528551101,0.2049033641815185,0.1252456903457641,0.1455103009939193,0.5433440208435059,0.0700426697731018,0.036151997745037,0.2001956701278686,0.0261070728302001,0.0657288655638694,0.0810959190130233,0.1821441799402237,0.0924557819962501,0.06488998234272,0.0592977851629257,0.2022687643766403,0.056123774498701,0.2266275882720947,0.5136797428131104,0.2002074569463729,0.229869544506073,0.0822881534695625,0.070052832365036,0.1095783561468124,0.0459492728114128,0.2546388506889343,0.0867465287446975,0.0792055651545524,0.0352061875164508,0.535834014415741,0.081820510327816
0.2354722172021865,0.0978606194257736,0.4346201717853546,0.1458163261413574,0.4169710874557495,0.4346875846385956,0.2385250180959701,0.1824482381343841,0.0217257738113403,0.0895918309688568,0.0272068604826927,0.2070724070072174,0.1332290172576904,0.1656201332807541,0.5285090804100037,0.0750471726059913,0.0364747904241085,0.204640656709671,0.0258342958986759,0.0757292509078979,0.0833051204681396,0.1868849396705627,0.1034779325127601,0.06566022336483,0.0589977949857711,0.2129827141761779,0.0510475821793079,0.2280663251876831,0.5481979250907898,0.1919693946838379,0.2415255457162857,0.0812569037079811,0.0691837519407272,0.1282273530960083,0.0568516924977302,0.2438493818044662,0.0818898901343345,0.0812878459692001,0.0336298830807209,0.5336745977401733,0.077949583530426
0.2332012504339218,0.1017310470342636,0.4574698805809021,0.1441385447978973,0.3615292310714721,0.4174846410751343,0.2343641519546508,0.1734649837017059,0.0225701704621315,0.0793097913265228,0.0285788755863904,0.2061015516519546,0.1230062618851661,0.1473550200462341,0.5464169979095459,0.0711182355880737,0.0362558923661708,0.1978311240673065,0.0258897617459297,0.0660347044467926,0.0820990726351738,0.1750767529010772,0.0925690531730651,0.0660456866025924,0.0607194453477859,0.2031800597906112,0.056517481803894,0.2269713282585144,0.5133798718452454,0.2013885676860809,0.226423367857933,0.0825370326638221,0.0684894472360611,0.110275387763977,0.0472713485360145,0.2611097991466522,0.0878362879157066,0.0784797742962837,0.0345528945326805,0.5331244468688965,0.0808995887637138
0.237070620059967,0.1014998257160186,0.4283625185489654,0.150361031293869,0.4045772552490234,0.4365710020065307,0.234473705291748,0.1844836771488189,0.0216917507350444,0.0819839537143707,0.0271690394729375,0.213593304157257,0.1324401944875717,0.1608810722827911,0.531119704246521,0.0740071684122085,0.0374467261135578,0.2066312581300735,0.0261499248445034,0.0766589641571044,0.0859471634030342,0.1889335662126541,0.1023706942796707,0.064630851149559,0.0612548142671585,0.2134740650653839,0.0660392940044403,0.2262300848960876,0.5302859544754028,0.1954002231359481,0.2296907305717468,0.0816120654344558,0.0695158019661903,0.1272903680801391,0.0554229319095611,0.2427517026662826,0.0838644653558731,0.0821626409888267,0.0347820557653903,0.5326669812202454,0.0785344541072845
0.2355902791023254,0.1014592796564102,0.4289580285549164,0.1508823335170745,0.4046542644500732,0.4359630942344665,0.2350389063358307,0.18425814807415,0.0218828283250331,0.0817055851221084,0.0279497914016246,0.2139224261045456,0.1327356100082397,0.1608090102672577,0.5331271886825562,0.0740455538034439,0.0377527177333831,0.2091353684663772,0.0264261607080698,0.0766372084617614,0.0865743681788444,0.1890684366226196,0.1021343991160392,0.0650581046938896,0.0627262592315673,0.2145834416151046,0.0670461803674697,0.2264816462993621,0.5316660404205322,0.1954495012760162,0.230538934469223,0.0813563540577888,0.0692368894815445,0.1272343099117279,0.0550392344594001,0.2445107996463775,0.0842663645744323,0.0821674317121505,0.0351816676557064,0.533163845539093,0.0787966847419738
0.2523380517959595,0.1067756563425064,0.4991011321544647,0.1402968019247055,0.3794237971305847,0.4452745616436004,0.2452408522367477,0.1869862079620361,0.0247570276260375,0.0771067887544632,0.0341813042759895,0.2303978502750396,0.1295311897993087,0.1516743302345276,0.555317759513855,0.0635424852371215,0.0382704399526119,0.1973218917846679,0.0259371511638164,0.0631350129842758,0.083068311214447,0.1955341845750808,0.0933295339345932,0.0673341900110244,0.0660507977008819,0.2101709246635437,0.0644537061452865,0.2183588296175003,0.5128154158592224,0.2044102549552917,0.2256368845701217,0.0839666128158569,0.0710005164146423,0.1132162809371948,0.0473460368812084,0.2760635316371918,0.0900828316807746,0.0811685770750045,0.0368566215038299,0.4760666489601135,0.0863861292600631
0.251047134399414,0.1052759885787963,0.5238549709320068,0.1416710019111633,0.3761738538742065,0.4402860999107361,0.2443800270557403,0.1836397498846054,0.0247598383575677,0.0766364932060241,0.0353395044803619,0.2299661338329315,0.1265863478183746,0.1516774594783783,0.5482490062713623,0.0635264217853546,0.0384267941117286,0.1947221755981445,0.0263831876218318,0.0606690347194671,0.0806505233049392,0.1929193139076233,0.0904393941164016,0.0694162473082542,0.0692905336618423,0.2121577858924865,0.0662931352853775,0.2182428538799286,0.5155979990959167,0.2048334777355194,0.2273853719234466,0.0806880891323089,0.0735138058662414,0.1130925863981247,0.0474384874105453,0.277486115694046,0.0907373130321502,0.0814585536718368,0.0372426807880401,0.4778607487678528,0.0868831276893615
0.2307875752449035,0.0899115204811096,0.4392098188400268,0.1445812880992889,0.4062415361404419,0.4254133105278015,0.2324646413326263,0.1773869842290878,0.0217503681778907,0.0797675922513008,0.0336684063076972,0.2077959924936294,0.1174495965242385,0.1637099087238311,0.5138668417930603,0.0749897062778472,0.0371670350432395,0.2033535540103912,0.0262265484780073,0.0700219348073005,0.0755515694618225,0.1852932870388031,0.0940586328506469,0.0669852718710899,0.06223114579916,0.21865114569664,0.0510095134377479,0.2247986495494842,0.5397719740867615,0.1907736808061599,0.2329588085412979,0.0814902931451797,0.0690530985593795,0.1303352862596511,0.0577018111944198,0.2415337264537811,0.0835119038820266,0.0803471654653549,0.0351408757269382,0.539188802242279,0.0817234739661216
0.2321527302265167,0.0907383859157562,0.4625714123249054,0.1451348960399627,0.4076210260391235,0.4257718324661255,0.2316441088914871,0.1778552383184433,0.0219114571809768,0.0797883421182632,0.0337418727576732,0.207828402519226,0.1181055158376693,0.1637486815452575,0.5151638984680176,0.0714931339025497,0.0370627790689468,0.2035128325223922,0.0265026725828647,0.0699115842580795,0.0752765536308288,0.1853840500116348,0.0946425050497055,0.0669634342193603,0.0625284761190414,0.2181035429239273,0.0512249916791915,0.2256159335374832,0.5369446873664856,0.1909447312355041,0.2318203896284103,0.0825336724519729,0.0719753056764602,0.1300441920757293,0.0576407276093959,0.2435812652111053,0.0841448903083801,0.0802511721849441,0.035196129232645,0.5381876826286316,0.0820143669843673
0.2449831515550613,0.1031836792826652,0.4760874807834625,0.135569542646408,0.4096408188343048,0.4490221738815307,0.2539763152599334,0.1950028538703918,0.0224221516400575,0.0854613482952117,0.0272151939570903,0.2097839415073394,0.1351575553417205,0.1608607918024063,0.5514394044876099,0.0713785886764526,0.0341729968786239,0.1963721811771392,0.0236036889255046,0.0764303207397461,0.0861642658710479,0.1989021152257919,0.1188368946313858,0.0609878376126289,0.0527964122593402,0.2062146067619323,0.0670532509684562,0.2213237583637237,0.5238155126571655,0.1937574446201324,0.2245068848133087,0.0777433365583419,0.0657064393162727,0.1118853539228439,0.0458534844219684,0.2440133541822433,0.0831236243247985,0.0786383599042892,0.0325270891189575,0.5385309457778931,0.0778636187314987
0.244935005903244,0.1010697036981582,0.4755972325801849,0.1374983787536621,0.4002782702445984,0.4417480826377868,0.2489956617355346,0.1898368895053863,0.0218414384871721,0.0835582911968231,0.0278866179287433,0.2071294486522674,0.1278224885463714,0.1636894643306732,0.5421679019927979,0.071557730436325,0.0343044176697731,0.1930169016122818,0.023613641038537,0.0736540555953979,0.0850177183747291,0.1952319741249084,0.1106826290488243,0.0630408823490142,0.0539519265294075,0.2076784372329712,0.0678909942507743,0.2212559878826141,0.5241643786430359,0.194697231054306,0.2258272767066955,0.0780804604291915,0.066174641251564,0.1132821142673492,0.0462887808680534,0.2489096373319625,0.0850032195448875,0.0789852738380432,0.0328995808959007,0.5387963056564331,0.0782182812690734
0.2519558370113373,0.1069562956690788,0.4815021455287933,0.1214356869459152,0.4298565685749054,0.4674423933029175,0.2480031251907348,0.2144238948822021,0.0218648966401815,0.1076714470982551,0.0143246781080961,0.2160014510154724,0.1272094249725341,0.1344737112522125,0.5758042335510254,0.070549800992012,0.0354594402015209,0.1852194368839264,0.0220792740583419,0.0893564596772193,0.0992662236094474,0.2144335061311721,0.1287358999252319,0.0495272725820541,0.059521310031414,0.1926941871643066,0.0548576451838016,0.2202987819910049,0.4763298630714416,0.1958511918783188,0.2185986340045929,0.0766941756010055,0.0711038038134574,0.1103342324495315,0.0453058406710624,0.2129194736480713,0.0901486203074455,0.0808160156011581,0.0330110266804695,0.5302526354789734,0.0771614909172058
0.2402168959379196,0.1180105730891227,0.4908756911754608,0.1197064369916915,0.417138397693634,0.459753930568695,0.2548493146896362,0.2019803524017334,0.0251402743160724,0.0881357863545417,0.0172631219029426,0.2316433489322662,0.1086910516023635,0.1339747607707977,0.5755899548530579,0.0687181651592254,0.0302888546139001,0.1809092313051223,0.0343915559351444,0.0728164911270141,0.0979458019137382,0.2118575423955917,0.1098332181572914,0.0541555993258953,0.045463889837265,0.1939741671085357,0.0612219423055648,0.2231469303369522,0.4703852832317352,0.2383034080266952,0.2263485491275787,0.0800307095050811,0.0755670592188835,0.1132778227329254,0.0445967800915241,0.2603803277015686,0.0905882939696312,0.079643927514553,0.0339541360735893,0.4694474339485168,0.0816903710365295
0.2826746702194214,0.1379502564668655,0.5818175077438354,0.113607220351696,0.4412835538387298,0.4817829728126526,0.2379590272903442,0.2172425389289856,0.0232583172619342,0.0882016643881797,0.0149036366492509,0.2354004234075546,0.1393109858036041,0.1196654066443443,0.59129798412323,0.069542109966278,0.0280081219971179,0.1613427102565765,0.0189080722630023,0.0792876332998275,0.1070581823587417,0.2214021682739257,0.1284942626953125,0.0513159744441509,0.038264088332653,0.1792849600315094,0.0583795793354511,0.2108083069324493,0.4560862183570862,0.2456580400466919,0.2272992432117462,0.0768779143691062,0.0738033279776573,0.1081559732556343,0.0435983762145042,0.2701896429061889,0.0922129675745964,0.0841248333454132,0.0319253653287887,0.4659586548805237,0.0775086432695388
0.2855164706707001,0.1387663781642913,0.5837209224700928,0.1135009154677391,0.4430146813392639,0.4841986894607544,0.2378146797418594,0.219204306602478,0.0233110059052705,0.0886729732155799,0.0148214772343635,0.2358229160308838,0.1402737498283386,0.1181247532367706,0.5932916402816772,0.0695171728730201,0.027999997138977,0.1611512154340744,0.018878960981965,0.0795810520648956,0.107650525867939,0.2231727242469787,0.1284890472888946,0.0504390485584735,0.0368653535842895,0.1784235835075378,0.0574374832212924,0.2089717388153076,0.4518389701843261,0.2457243204116821,0.2264064252376556,0.0763606950640678,0.0735503882169723,0.1080769449472427,0.0431927666068077,0.2693387567996979,0.0924476981163024,0.084036111831665,0.0319934375584125,0.465623527765274,0.0779678672552108
0.2509114742279053,0.1080018654465675,0.504148542881012,0.1098001301288604,0.4334879219532013,0.476993203163147,0.2502685189247131,0.2144863754510879,0.0228728987276554,0.1122719720005989,0.0172598212957382,0.2350483834743499,0.1512140929698944,0.1249763444066047,0.5946615934371948,0.0726712942123413,0.0349291488528251,0.1664515733718872,0.0204897318035364,0.0840733349323272,0.1051978468894958,0.2181075811386108,0.1236476525664329,0.0500046946108341,0.034838031977415,0.1850230991840362,0.0517054870724678,0.2123611569404602,0.4737667143344879,0.1968836337327957,0.2152212262153625,0.0783560872077941,0.0756216794252395,0.1180175095796585,0.0451832190155983,0.2492115199565887,0.0917537212371826,0.0813870429992675,0.0321750864386558,0.4574732184410095,0.0783932209014892
0.2510033249855041,0.1076200157403945,0.5063741207122803,0.1095964536070823,0.4368104040622711,0.4775998592376709,0.2525637447834015,0.2153698354959488,0.0231009498238563,0.1125384718179702,0.0173330977559089,0.235015332698822,0.1525508761405944,0.1254106760025024,0.59400475025177,0.0721880048513412,0.0348162539303302,0.1678752452135086,0.0204952098429203,0.0838910937309265,0.1050289943814277,0.2179504036903381,0.1235545352101326,0.0497168339788913,0.0349467806518077,0.1846822798252105,0.0517187565565109,0.2119175493717193,0.4737986326217651,0.196276843547821,0.2158355414867401,0.0779467076063156,0.0754139050841331,0.1170400977134704,0.0452794805169105,0.249505877494812,0.0916389971971511,0.0813037157058715,0.0321703255176544,0.4575206935405731,0.0785040110349655
0.270576536655426,0.1322436034679412,0.5661091804504395,0.1143696829676628,0.4287396371364593,0.4830814599990845,0.2421993911266327,0.2109592258930206,0.0227105244994163,0.086222693324089,0.0152755808085203,0.2350697815418243,0.1535080075263977,0.125594675540924,0.6137430667877197,0.0706616193056106,0.0278481543064117,0.1718369722366333,0.0190788805484771,0.083858735859394,0.1191695854067802,0.2231397032737732,0.1218617111444473,0.0497253239154815,0.038986399769783,0.1934156715869903,0.0577986352145671,0.2054431438446045,0.4790659844875335,0.2451291382312774,0.2367207407951355,0.0794294849038124,0.0781682580709457,0.1150403544306755,0.0445909760892391,0.2658245265483856,0.0949545055627822,0.0842763036489486,0.0327316597104072,0.4757407903671264,0.08002570271492
0.2636549174785614,0.1290487349033355,0.5691562294960022,0.1094080656766891,0.4472428560256958,0.4798594415187835,0.2647299170494079,0.2132580876350402,0.0247522946447134,0.090137779712677,0.0161577463150024,0.231696218252182,0.149007961153984,0.1200485974550247,0.5960477590560913,0.0695405527949333,0.0275805443525314,0.1701399981975555,0.0203349366784095,0.0736778676509857,0.0840359181165695,0.2237298786640167,0.123865470290184,0.0507287457585334,0.0390006303787231,0.1759472489356994,0.0582485049962997,0.2131772339344024,0.4588653147220611,0.2390988767147064,0.2329057157039642,0.0781963914632797,0.0749940127134323,0.1095491349697113,0.0438260957598686,0.2704975605010986,0.0939850211143493,0.0836169272661209,0.0333806723356246,0.4652853608131408,0.0800756514072418
0.2803752720355987,0.1354227364063263,0.5660238265991211,0.1154489070177078,0.424813449382782,0.4794390201568603,0.2373527437448501,0.2144950479269027,0.0226306430995464,0.1062361150979995,0.0153707740828394,0.2317651212215423,0.1447214484214782,0.1248736009001731,0.6049140691757202,0.069988377392292,0.0276593286544084,0.1629309952259063,0.018915032967925,0.0802787393331527,0.1153720915317535,0.2209347486495971,0.122027538716793,0.0512328818440437,0.0406623259186744,0.1895089745521545,0.0583676137030124,0.2041348069906234,0.4749376773834228,0.2460016906261444,0.2331341803073883,0.078426107764244,0.0773457139730453,0.1124960482120513,0.0443655326962471,0.2663910090923309,0.0958144441246986,0.0829498618841171,0.0327129736542701,0.4731878638267517,0.0792165175080299
0.2460231184959411,0.1370873153209686,0.5684680938720703,0.1156501471996307,0.4261029064655304,0.4790988564491272,0.235596165060997,0.2136212587356567,0.0227267555892467,0.1055741086602211,0.0152081567794084,0.2314657121896743,0.145060732960701,0.1249114349484443,0.6054213047027588,0.0699705332517623,0.0276860073208808,0.1639630943536758,0.0188640262931585,0.0807802379131317,0.1158066689968109,0.2194646000862121,0.1224998235702514,0.0516022443771362,0.0679518580436706,0.1899341642856598,0.0590915828943252,0.1976271122694015,0.4650933742523193,0.2467715293169021,0.2332383692264557,0.0784620344638824,0.0771334171295166,0.1120715588331222,0.04438316822052,0.2671284079551697,0.095978170633316,0.0832863822579383,0.0328855663537979,0.4733369350433349,0.0791774243116378
0.2687711417675018,0.1310147643089294,0.5788811445236206,0.1149886399507522,0.4175240397453308,0.4805585741996765,0.2590612769126892,0.2119594812393188,0.0247731059789657,0.088439404964447,0.016369704157114,0.2305672466754913,0.1394623070955276,0.1217339038848877,0.5888748168945312,0.0682682543992996,0.027829572558403,0.1631539463996887,0.0207897331565618,0.0749390125274658,0.0838877260684967,0.2255244553089141,0.1244819164276123,0.0547740459442138,0.0443645864725112,0.1750910282135009,0.0615808144211769,0.2116523385047912,0.4470651745796203,0.2429667711257934,0.2233366072177887,0.0778239443898201,0.0740355625748634,0.1011645495891571,0.0319585017859935,0.262279748916626,0.0887377709150314,0.0818555653095245,0.0334888733923435,0.4638956487178802,0.0810947120189666
0.2682980298995971,0.1299296915531158,0.5745249390602112,0.1146673336625099,0.41787850856781,0.4849125742912292,0.26363605260849,0.2179839313030243,0.0246445275843143,0.089901179075241,0.0159021466970443,0.231447160243988,0.1441086381673813,0.1219005808234214,0.5912449955940247,0.0683737248182296,0.0278538838028907,0.1649242341518402,0.0209654346108436,0.0756112486124038,0.0996479243040084,0.2267199009656906,0.1265875399112701,0.0550515204668045,0.0432552956044673,0.1738748699426651,0.0611715838313102,0.2123035490512848,0.4470711946487427,0.2418890595436096,0.2236043363809585,0.077830471098423,0.0741521939635276,0.1016246229410171,0.0319182984530925,0.2784917950630188,0.0937754213809967,0.0821118578314781,0.0333432108163833,0.4630211591720581,0.0816112756729126
0.260652095079422,0.1070648282766342,0.5057857036590576,0.1179307103157043,0.4392880499362945,0.4828019142150879,0.2397366762161255,0.221021369099617,0.0206306111067533,0.10641610622406,0.0151016041636466,0.2398842573165893,0.1365632116794586,0.1425150036811828,0.5940085053443909,0.0657357349991798,0.0339601039886474,0.1688101589679718,0.0192891154438257,0.0929678827524185,0.1130465120077133,0.216122567653656,0.1198199838399887,0.0462889075279235,0.026916030794382,0.1902242302894592,0.0486894808709621,0.2033667862415313,0.463320791721344,0.1923865675926208,0.2112935483455658,0.0729378163814544,0.0695396959781646,0.1107916235923767,0.0462629757821559,0.2032971680164337,0.0881409719586372,0.0780667886137962,0.0327038876712322,0.4536093473434448,0.0746910721063613
0.240447849035263,0.1066935062408447,0.530753493309021,0.1186488717794418,0.4370027780532837,0.481594979763031,0.2367206513881683,0.2207662165164947,0.020495519042015,0.10540471971035,0.0148288384079933,0.2404219210147857,0.1354925036430359,0.1429714262485504,0.5929712057113647,0.0658715963363647,0.0338280722498893,0.1680731475353241,0.0296539030969142,0.0933474525809288,0.1138636171817779,0.2155118584632873,0.1189796179533004,0.0458411648869514,0.0267692282795906,0.1901756823062896,0.0483769550919532,0.1936464160680771,0.4849627315998077,0.1922987550497055,0.2105180919170379,0.0741161108016967,0.0706607028841972,0.1100698560476303,0.0463336072862148,0.2031124681234359,0.0881602019071579,0.078038677573204,0.032758429646492,0.4534810781478882,0.0741242319345474
0.2556166052818298,0.1093412637710571,0.5286592841148376,0.1148492693901062,0.4193488955497741,0.4820031523704529,0.2354169338941574,0.209996685385704,0.0206237025558948,0.0883061438798904,0.015991885215044,0.2384622693061828,0.1255543828010559,0.1270728558301925,0.6023032069206238,0.0670081749558448,0.0343846939504146,0.1596371531486511,0.0305816289037466,0.0877483710646629,0.1151459664106369,0.2152441442012787,0.112377256155014,0.0490147769451141,0.0349859297275543,0.1898542046546936,0.0501298233866691,0.2036646902561187,0.4553520679473877,0.1943136751651764,0.2045254856348037,0.077288694679737,0.0770181268453598,0.1178894340991973,0.0455767512321472,0.2110557109117508,0.0916278958320617,0.0782796889543533,0.0313812270760536,0.4510846734046936,0.0761435478925705
0.2566421329975128,0.1040518209338188,0.530070960521698,0.1159139052033424,0.4194480776786804,0.4801748096942901,0.2323192059993744,0.2089119553565979,0.020454304292798,0.0873945280909538,0.0161620322614908,0.2385657727718353,0.1238925829529762,0.126623272895813,0.6034759283065796,0.0669764205813407,0.0344287753105163,0.1595446616411209,0.0305822864174842,0.0884534567594528,0.1156146898865699,0.2139409929513931,0.112510971724987,0.0485057309269905,0.034867025911808,0.1895018815994262,0.0496148131787776,0.2031832039356231,0.4509400129318237,0.1979878395795822,0.2153857052326202,0.0771181136369705,0.0764568001031875,0.1170447021722793,0.0456072986125946,0.212519884109497,0.0918450653553009,0.0781470015645027,0.0315648354589939,0.4503584802150726,0.0759555250406265
0.2469087243080139,0.1061219722032547,0.5232195258140564,0.1171912550926208,0.4153228998184204,0.4750612080097198,0.2473419308662414,0.2109447866678238,0.0231476351618766,0.0893422067165374,0.01426169462502,0.2364955842494964,0.1232628151774406,0.1276218891143798,0.5866986513137817,0.0719294995069503,0.0354740545153617,0.1629211604595184,0.031593631953001,0.0814497321844101,0.1074829697608947,0.2105980217456817,0.1202609091997146,0.0482090972363948,0.035067930817604,0.1826485097408294,0.0498498938977718,0.2092958092689514,0.4504290223121643,0.1941962391138076,0.2104871720075607,0.0755205899477005,0.075484849512577,0.1114581450819969,0.0437228083610534,0.2137091755867004,0.0894424021244049,0.0770756378769874,0.0320758298039436,0.4472519159317016,0.0753295272588729
0.2484114915132522,0.1078203022480011,0.5247653126716614,0.1177031397819519,0.4158294200897217,0.4755184948444366,0.2456829696893692,0.2108293771743774,0.0230529271066188,0.0891893357038497,0.0141945164650678,0.2374128997325897,0.1239400506019592,0.1267508268356323,0.5908319354057312,0.072030171751976,0.0353520885109901,0.1630876362323761,0.0314893275499343,0.0831689238548278,0.1087089329957962,0.210481196641922,0.1140331551432609,0.0479372628033161,0.0348598212003707,0.1828946322202682,0.0492048561573028,0.208631619811058,0.4477267861366272,0.194900557398796,0.2096139341592788,0.0754465460777282,0.0753635466098785,0.1113453954458236,0.0436148047447204,0.213094562292099,0.0896976292133331,0.0768815502524375,0.0319265350699424,0.4470311105251312,0.0752070397138595
0.2586254179477691,0.1049369350075721,0.5278686285018921,0.1159384474158287,0.4106131196022033,0.4755204916000366,0.2250779569149017,0.20618636906147,0.0207234807312488,0.0868125557899475,0.0154347391799092,0.2402014285326004,0.1169596090912818,0.1285773515701294,0.5932525396347046,0.0659024268388748,0.033646784722805,0.1599684208631515,0.0306662544608116,0.0840595737099647,0.1140706315636634,0.2132348120212555,0.1098519116640091,0.047450728714466,0.0351083800196647,0.1917571127414703,0.0476254262030124,0.2038514465093612,0.4424640834331512,0.1992489993572235,0.2096078246831894,0.077408030629158,0.0773730725049972,0.1169874146580696,0.0460339933633804,0.2114715427160263,0.0904332101345062,0.0785379335284233,0.0321268066763877,0.4485529661178589,0.0750066414475441
0.2584917843341827,0.1051098108291626,0.5275335311889648,0.1154949143528938,0.4102726578712463,0.4757680296897888,0.2246470749378204,0.2058420479297638,0.0206523165106773,0.0866651982069015,0.0154957491904497,0.239654079079628,0.1175406277179718,0.1288245767354965,0.5936120748519897,0.0751658231019973,0.0337074473500251,0.1599616408348083,0.0306467544287443,0.0840195566415786,0.1150685548782348,0.2129201143980026,0.1101404577493667,0.0473017022013664,0.0347831547260284,0.192388042807579,0.0476041361689567,0.2039939761161804,0.4451668858528137,0.1992806494235992,0.2104915380477905,0.0774087458848953,0.0773725882172584,0.1172146424651146,0.0462856292724609,0.2105374038219452,0.0904934108257293,0.0785535126924514,0.0321233347058296,0.4486254751682281,0.074883371591568
0.2540843486785888,0.1114441826939582,0.5098820924758911,0.116018146276474,0.4162774384021759,0.472747802734375,0.2290029972791671,0.2052318751811981,0.0212822426110506,0.0885554999113082,0.0154706016182899,0.2374078929424286,0.1144140362739563,0.1275283098220825,0.5839000940322876,0.0771990641951561,0.0348825752735137,0.1602950394153595,0.0309074539691209,0.0822702646255493,0.0873198956251144,0.2130600363016128,0.1128404960036277,0.0486083254218101,0.0336648151278495,0.1878863275051117,0.0471607930958271,0.2073388397693634,0.4583905935287475,0.1940022408962249,0.2061724364757537,0.0791534334421157,0.0785530060529708,0.1169167533516883,0.0453281551599502,0.2089249938726425,0.0909847244620323,0.0786203369498252,0.0326173081994056,0.4468758404254913,0.0753545016050338
0.2538883090019226,0.111932173371315,0.5053591132164001,0.1161924973130226,0.413728654384613,0.4728054404258728,0.2294969856739044,0.2050466239452362,0.0214691497385501,0.0888731181621551,0.0155166666954755,0.2380247265100479,0.1146597415208816,0.1280678212642669,0.5820950865745544,0.0771199762821197,0.0350277908146381,0.1609593778848648,0.0311124846339225,0.0823953449726104,0.0873445868492126,0.2133093625307083,0.1129064485430717,0.0489156730473041,0.0346079543232917,0.1874577701091766,0.0470369085669517,0.2072719484567642,0.457030713558197,0.1943649351596832,0.2050452828407287,0.079218104481697,0.0786385238170623,0.1163728460669517,0.0452190935611724,0.2088503092527389,0.0909655839204788,0.0788319185376167,0.0327151976525783,0.4471803605556488,0.0752325281500816
0.2411729395389557,0.1232948899269104,0.5286473631858826,0.1193357780575752,0.4231235086917877,0.4486566185951233,0.2498770058155059,0.1983729302883148,0.0321113318204879,0.0908435881137847,0.0147501975297927,0.215198129415512,0.1158616915345192,0.1289671957492828,0.5597425699234009,0.0721711367368698,0.0352990850806236,0.1611266136169433,0.0215892065316438,0.0688716918230056,0.0937704890966415,0.206775814294815,0.1128240376710891,0.0491106733679771,0.044742077589035,0.188341423869133,0.0567649267613887,0.2157853841781616,0.4734403192996979,0.2298028469085693,0.2180853933095932,0.0777563750743866,0.0712423175573349,0.1106149852275848,0.0438132286071777,0.2596224248409271,0.0875714570283889,0.0688588544726371,0.0339005962014198,0.5218011140823364,0.0751730948686599
0.2431570738554,0.1243476495146751,0.5283327102661133,0.1267318725585937,0.4242897033691406,0.4488230347633362,0.2474956810474395,0.1984608769416809,0.0222003627568483,0.0909394025802612,0.0152865769341588,0.2163453847169876,0.1167781054973602,0.1283360421657562,0.5651339292526245,0.0724061429500579,0.0355746746063232,0.162495270371437,0.0216027162969112,0.0700666904449462,0.0935272127389907,0.2061863839626312,0.1148101985454559,0.0490508042275905,0.0454950518906116,0.1885762363672256,0.0569482818245887,0.2158232927322387,0.4746665954589844,0.2310104966163635,0.2198657691478729,0.0783311128616333,0.0718089416623115,0.1119526624679565,0.0437720790505409,0.2596995234489441,0.0883720964193344,0.074979193508625,0.032831635326147,0.523256242275238,0.0757542252540588
0.2436408102512359,0.1252553611993789,0.5379465818405151,0.1250521391630172,0.4319667816162109,0.44522824883461,0.2586185336112976,0.1963832676410675,0.0315626636147499,0.0902812406420707,0.018121687695384,0.2138967514038086,0.1149985492229461,0.1239885836839675,0.5745378732681274,0.0695903748273849,0.036892894655466,0.1660086363554,0.0225487723946571,0.0650887489318847,0.0956084728240966,0.208144873380661,0.1008613407611846,0.048638891428709,0.0265447627753019,0.1891887038946151,0.0563733242452144,0.2163404524326324,0.4611814022064209,0.2318012714385986,0.2139135599136352,0.0774135738611221,0.069018617272377,0.1091596111655235,0.0413828380405902,0.2375079244375229,0.0830985829234123,0.0653814375400543,0.034162376075983,0.5230691432952881,0.0772684067487716
0.2439834773540496,0.1251474469900131,0.5406485199928284,0.1256878972053527,0.4310146272182464,0.4443142712116241,0.2595623433589935,0.1964752078056335,0.0318851843476295,0.089890569448471,0.018022071570158,0.2132038474082946,0.1132225841283798,0.1239390820264816,0.5720741748809814,0.0697125345468521,0.0368739292025566,0.166500836610794,0.0224918723106384,0.0641922727227211,0.0953798741102218,0.2076064646244049,0.100384384393692,0.048748604953289,0.0267226882278919,0.1894688606262207,0.0568030253052711,0.215998575091362,0.4604893326759338,0.2319333851337433,0.214666336774826,0.0771950855851173,0.0684285089373588,0.1081912964582443,0.0412014760076999,0.2381653785705566,0.0830550342798233,0.065238818526268,0.0343801975250244,0.5226255655288696,0.0770697444677352
0.2509635090827942,0.1090564802289009,0.49254310131073,0.1232954561710357,0.4266733527183532,0.4565553069114685,0.245306983590126,0.2043256163597107,0.031833529472351,0.0916658341884613,0.0149576589465141,0.2179778218269348,0.1235052794218063,0.1215440183877945,0.5846059918403625,0.0713699012994766,0.0361294038593769,0.1599119901657104,0.0214898996055126,0.0719504356384277,0.0998811647295951,0.2075502723455429,0.1179466247558593,0.047978937625885,0.0269086845219135,0.1860348880290985,0.055001750588417,0.2093529105186462,0.4499838948249817,0.1967065781354904,0.2064757347106933,0.0769042000174522,0.0687771514058113,0.1085149273276329,0.0412565171718597,0.238797977566719,0.0836720243096351,0.0690648257732391,0.0341579392552375,0.5178101658821106,0.0759772509336471
0.2262074649333953,0.105472020804882,0.505125880241394,0.1174817234277725,0.4073453545570373,0.4555848240852356,0.2256608605384826,0.2016930878162384,0.0206796377897262,0.0908569395542144,0.0241253096610307,0.2351089268922805,0.1028358489274978,0.1270889639854431,0.5754846930503845,0.0680281296372413,0.027975482866168,0.1599547266960144,0.0330934226512908,0.0736235305666923,0.0845592841506004,0.2063435912132263,0.0982351303100586,0.0486385449767112,0.0477658435702323,0.1868227571249008,0.0501290261745452,0.1926299482583999,0.4538846909999847,0.2036788612604141,0.2028391063213348,0.0792929232120513,0.0765790939331054,0.1133929565548896,0.0431981682777404,0.2166035175323486,0.0918857902288436,0.0743936449289321,0.0335085168480873,0.4516887664794922,0.0771521925926208
0.2423593997955322,0.1059970259666442,0.535534679889679,0.1227947771549224,0.4362255334854126,0.4457963109016418,0.2604642808437347,0.1992627382278442,0.0306782219558954,0.1082893833518028,0.0206725187599658,0.2290610074996948,0.1135549694299697,0.1428386121988296,0.574633002281189,0.0716825947165489,0.036779124289751,0.1706223785877227,0.0227761920541524,0.0646683573722839,0.0920431464910507,0.2092155665159225,0.1042303889989852,0.0489308461546897,0.0257768593728542,0.1889749765396118,0.0547607392072677,0.2140699326992035,0.4616933166980743,0.1906178146600723,0.2071167528629303,0.0780559480190277,0.0687454268336296,0.1115443110466003,0.0420031584799289,0.2408500164747238,0.084380105137825,0.066096544265747,0.0346535481512546,0.4566881060600281,0.0791277661919593
0.2372883707284927,0.1047513484954834,0.5153065323829651,0.1260317265987396,0.4381895661354065,0.4405585527420044,0.2643544375896454,0.1951912939548492,0.0333074033260345,0.088024690747261,0.0196315068751573,0.208985686302185,0.1163686141371727,0.146105408668518,0.5647560358047485,0.0719829052686691,0.0377868376672267,0.1717986315488815,0.0227198228240013,0.0649262070655822,0.0868559032678604,0.2075264751911163,0.0990364551544189,0.0509187579154968,0.0448735542595386,0.1954122930765152,0.0505965203046798,0.2215872108936309,0.4789424836635589,0.1890212297439575,0.2097210586071014,0.0772576332092285,0.0657800436019897,0.1106449887156486,0.0425147600471973,0.2477910816669464,0.0851209312677383,0.0665569752454757,0.034318383783102,0.521873414516449,0.0781206786632537
0.2048663944005966,0.0997141152620315,0.4978324174880981,0.1135865226387977,0.3765175640583038,0.437124490737915,0.2369822263717651,0.1864176094532013,0.0201252531260252,0.0861416384577751,0.0205052476376295,0.2272225320339203,0.0998200997710228,0.13335882127285,0.5534541010856628,0.0683406293392181,0.0292915273457765,0.1633870899677276,0.034142181277275,0.0665916800498962,0.0806783214211463,0.2035234719514846,0.0917194187641143,0.0509596578776836,0.0381620787084102,0.1927239298820495,0.0526647679507732,0.1996337473392486,0.4692291021347046,0.1932769119739532,0.2007820010185241,0.0809093862771987,0.0777417048811912,0.1157629564404487,0.0335451960563659,0.2204071283340454,0.0914859026670456,0.0745317935943603,0.0336873978376388,0.4574403166770935,0.0801396444439888
0.2065757066011428,0.1009807586669921,0.4993818402290344,0.1133607551455497,0.3774750232696533,0.4381657540798187,0.236078679561615,0.1873719990253448,0.0203705392777919,0.0863931477069854,0.0203833524137735,0.2286176234483719,0.1002260819077491,0.1325734257698059,0.557452380657196,0.0678173452615737,0.0291993282735347,0.1636413335800171,0.0341434441506862,0.0668768361210823,0.0804896205663681,0.2037125378847122,0.0917242914438247,0.0510157756507396,0.0381436459720134,0.1915512382984161,0.0529487021267414,0.199512779712677,0.4668734669685364,0.1933424621820449,0.1989912092685699,0.0808416232466697,0.077625498175621,0.115358330309391,0.0332543067634105,0.2200396060943603,0.0912441909313201,0.0740767642855644,0.033546008169651,0.4568219184875488,0.0799009427428245
0.2327381670475006,0.1185698211193084,0.5112773180007935,0.1189475208520889,0.4110829830169678,0.4468096494674682,0.2459266036748886,0.1983862519264221,0.0210507027804851,0.0914930701255798,0.0185276344418525,0.2166501432657241,0.1171791702508926,0.124907836318016,0.5631545186042786,0.0650723353028297,0.0353767834603786,0.1576069146394729,0.021609729155898,0.0708149224519729,0.0770655870437622,0.2005496472120285,0.1101512163877487,0.0482148230075836,0.0445766784250736,0.1810143440961837,0.0441762953996658,0.2103335708379745,0.4592532515525818,0.2220351696014404,0.2149857282638549,0.0777209773659706,0.070461057126522,0.1068796962499618,0.0317899994552135,0.2077129781246185,0.0893796235322952,0.0742406249046325,0.0327585339546203,0.5120893716812134,0.0734768137335777
0.2338931113481521,0.119480051100254,0.5122601389884949,0.1193256303668022,0.4109090864658355,0.4472881555557251,0.2466373443603515,0.1987505853176117,0.0211150012910366,0.0913761705160141,0.0183193609118461,0.216366708278656,0.1169735789299011,0.1246248185634613,0.5645115971565247,0.0650929510593414,0.0354457087814807,0.1578671485185623,0.0215702541172504,0.0710630863904953,0.0774008184671402,0.2007735073566436,0.110891155898571,0.0481819324195385,0.0446487963199615,0.1816099882125854,0.0443380661308765,0.2097522318363189,0.4583108425140381,0.2226128280162811,0.2150662094354629,0.0777633413672447,0.0704948827624321,0.1064881309866905,0.0316153280436992,0.2082311809062957,0.0896390229463577,0.0742668434977531,0.03277438133955,0.5124359130859375,0.0736340135335922
0.2042961865663528,0.1017888337373733,0.500549852848053,0.1079207807779312,0.4073730409145355,0.4442814886569977,0.2656417489051819,0.1964103281497955,0.0222760140895843,0.0916676819324493,0.0218299701809883,0.2059914767742157,0.1135576963424682,0.1341924220323562,0.5405387282371521,0.0718360841274261,0.036000944674015,0.1676371693611145,0.0225994549691677,0.0589729323983192,0.0715688839554786,0.2016358971595764,0.0979102998971939,0.0497151315212249,0.0540043786168098,0.1846469491720199,0.0480120368301868,0.2045628726482391,0.4963324666023254,0.1842545568943023,0.2098311781883239,0.0784800946712493,0.074340634047985,0.1112672388553619,0.0327295623719692,0.2532010078430176,0.0893148407340049,0.0723175927996635,0.0333484075963497,0.5211910009384155,0.0766158252954483
0.2028376907110214,0.114343374967575,0.5062411427497864,0.1072012931108474,0.4298403263092041,0.444225549697876,0.2663898468017578,0.196817547082901,0.0225259810686111,0.0914526134729385,0.021765112876892,0.2057324945926666,0.1142108738422393,0.1328473687171936,0.5436028242111206,0.0723120495676994,0.035868614912033,0.1666802763938903,0.0223791673779487,0.060474082827568,0.0731993019580841,0.2014124095439911,0.1027613505721092,0.0491858758032321,0.05352433770895,0.1834341436624527,0.0475080907344818,0.2039866000413894,0.4978206753730774,0.2248477786779403,0.2231092453002929,0.0777850225567817,0.0735644176602363,0.1164180338382721,0.043923020362854,0.2528524398803711,0.0896503776311874,0.072251409292221,0.0333030931651592,0.521437406539917,0.0761633366346359
0.2125059366226196,0.1051180958747863,0.5045908689498901,0.1173642724752426,0.3930861949920654,0.4519444108009338,0.2311290055513382,0.1979431807994842,0.0204496961086988,0.0923782885074615,0.0184575021266937,0.2152254283428192,0.109259970486164,0.1299477219581604,0.5648483633995056,0.0762172937393188,0.0347772389650344,0.1563723981380462,0.022435525432229,0.0725221037864685,0.0835873186588287,0.1978896260261535,0.1004661321640014,0.0474463403224945,0.0518834814429283,0.1853968501091003,0.0418888963758945,0.1889981925487518,0.4754319190979004,0.1870037615299224,0.1989392042160034,0.0765993595123291,0.072503887116909,0.107505053281784,0.0337079912424087,0.2052577286958694,0.0918058976531028,0.0739235505461692,0.0334286801517009,0.5123443603515625,0.0764332637190818
0.252912312746048,0.1082071661949157,0.5482320785522461,0.1220469623804092,0.4492738246917724,0.4660680294036865,0.2618483901023865,0.2249704152345657,0.0306826755404472,0.1144948303699493,0.018818974494934,0.2339890897274017,0.119595818221569,0.1382112503051757,0.5804084539413452,0.0731904953718185,0.0354718193411827,0.162603810429573,0.0213076658546924,0.0695801824331283,0.0970829725265502,0.2071908116340637,0.1085503846406936,0.0447649806737899,0.0397231578826904,0.1806138455867767,0.0495506823062896,0.2008204609155655,0.4582161009311676,0.1841146498918533,0.2047799229621887,0.0733400881290435,0.0652942359447479,0.1088417097926139,0.0427218526601791,0.2447154819965362,0.0881358236074447,0.0659977048635482,0.0352613478899002,0.4395244717597961,0.0757458508014679
0.2162414640188217,0.0977151840925216,0.5124779939651489,0.1119604408740997,0.4055759310722351,0.4534733295440674,0.2413309663534164,0.1993337571620941,0.0210517756640911,0.0925389528274536,0.0172139089554548,0.2147369384765625,0.1190300285816192,0.1290080845355987,0.5677576661109924,0.0745947435498237,0.0346757993102073,0.1617369949817657,0.0221668146550655,0.0742125809192657,0.0845051258802414,0.1992736458778381,0.1014590859413147,0.0466022118926048,0.0518243871629238,0.1842642724514007,0.0431579649448394,0.1922228932380676,0.4802247583866119,0.1898241341114044,0.2146173119544983,0.076083242893219,0.0725157707929611,0.1074232161045074,0.0332336723804473,0.205084353685379,0.091603122651577,0.0730436742305755,0.0329260043799877,0.5162880420684814,0.0757922157645225
0.2153767049312591,0.0977665483951568,0.5106338858604431,0.1117066219449043,0.4038010239601135,0.4516655802726745,0.2376395314931869,0.1973707228899002,0.0210987385362386,0.0923134759068489,0.0171182882040739,0.2128593027591705,0.1147716641426086,0.1294257044792175,0.56298828125,0.0752686858177185,0.0348492302000522,0.1588988304138183,0.0219362266361713,0.0730454698204994,0.0832031965255737,0.1972772181034088,0.1010261476039886,0.0471904724836349,0.0523508042097091,0.1832878738641739,0.0431093797087669,0.1920816898345947,0.482852578163147,0.1904329508543014,0.2166308462619781,0.076416328549385,0.072840392589569,0.1069489419460296,0.0332760550081729,0.205889418721199,0.0918576046824455,0.0728704333305358,0.0329119488596916,0.5152477025985718,0.0756250992417335
0.26010861992836,0.1131845563650131,0.5687130093574524,0.1151136085391044,0.4763447344303131,0.4723146557807922,0.2601171731948852,0.2203423976898193,0.0324546732008457,0.1164048388600349,0.0171780530363321,0.2178309857845306,0.1492493152618408,0.1324135065078735,0.5874010920524597,0.0739058554172515,0.0363433361053466,0.1633113026618957,0.0206635110080242,0.0770836323499679,0.0968549102544784,0.2115149497985839,0.1099829524755477,0.0438210777938365,0.0370294600725173,0.1827215254306793,0.0354995056986808,0.2027699053287506,0.479380190372467,0.1832479834556579,0.2224213927984237,0.0726917088031768,0.0632433146238327,0.1084242314100265,0.0430052578449249,0.2432698160409927,0.0881950706243515,0.0646282136440277,0.0350307077169418,0.5083708763122559,0.0708799809217453
0.2587798237800598,0.1127495244145393,0.5681755542755127,0.1140507087111473,0.476423054933548,0.4749264717102051,0.2628853917121887,0.2330072969198227,0.0323758870363235,0.1180638149380683,0.0172001644968986,0.2177356481552124,0.1508675068616867,0.1316906213760376,0.5875190496444702,0.0742052197456359,0.0362708270549774,0.1634213179349899,0.0206876955926418,0.0773768872022628,0.0968305319547653,0.2108413428068161,0.1110142022371292,0.0437791161239147,0.0372184962034225,0.182313859462738,0.0349285937845706,0.2025290578603744,0.4820949733257293,0.1822477579116821,0.2237382680177688,0.0725748166441917,0.063409224152565,0.0985350459814071,0.053840197622776,0.2376233339309692,0.085263192653656,0.0646116584539413,0.0348205678164958,0.5081435441970825,0.0707998573780059
0.2218893319368362,0.1058861464262008,0.5361235737800598,0.1128223463892936,0.4400473535060882,0.4548555016517639,0.2395686209201812,0.203141301870346,0.0318407379090786,0.0947747230529785,0.0155383385717868,0.2112769484519958,0.1180065274238586,0.1262999773025512,0.5706807374954224,0.0769950896501541,0.0347411483526229,0.1576872169971466,0.0206038244068622,0.0735719203948974,0.0847653597593307,0.2016955018043518,0.1065365448594093,0.0441281273961067,0.0483922958374023,0.1821287870407104,0.0410504564642906,0.1917097866535186,0.4960453510284424,0.1847759038209915,0.2162656784057617,0.0753417462110519,0.0701010599732399,0.1105341464281082,0.0434386916458606,0.2458136081695556,0.0896867960691452,0.0666267424821853,0.0337677374482154,0.5153480768203735,0.0740116387605667
0.221373051404953,0.0968751162290573,0.5330516695976257,0.1135939806699752,0.4381155967712402,0.4568965435028076,0.2397367060184478,0.2033717632293701,0.0214069448411464,0.0956691652536392,0.0151026798412203,0.2113180458545684,0.1180308908224105,0.1255774050951004,0.5721637606620789,0.0771238952875137,0.0347480401396751,0.1532923132181167,0.0214077718555927,0.0740497261285781,0.0857047438621521,0.2010309994220733,0.1069745421409607,0.0443674996495246,0.0479102693498134,0.1813534200191497,0.0409247353672981,0.1912783086299896,0.4911521375179291,0.188281238079071,0.2249877303838729,0.0753901898860931,0.070244513452053,0.1112434566020965,0.0433148704469203,0.2049228847026825,0.0901412665843963,0.0728428661823272,0.0327003896236419,0.5165461897850037,0.0743932276964187
0.2566216588020324,0.1105391383171081,0.5557516813278198,0.1155174374580383,0.4624468088150024,0.4768184721469879,0.2546365857124328,0.2286889255046844,0.031336523592472,0.1182452291250228,0.016735628247261,0.2222607731819152,0.1338245421648025,0.1294510066509246,0.6015400886535645,0.0748118311166763,0.0354443192481994,0.1593552827835083,0.0209957361221313,0.0799886137247085,0.1039262861013412,0.2108669281005859,0.1092489138245582,0.0422451011836528,0.0350586995482444,0.1777834296226501,0.0330732092261314,0.2003688514232635,0.4571096003055572,0.1813790500164032,0.2107886373996734,0.0723466724157333,0.0645737424492836,0.0987028330564498,0.0535316616296768,0.239313930273056,0.0864757001399993,0.0656731128692627,0.0347048640251159,0.5063070058822632,0.071759320795536
0.2560617923736572,0.1108651980757713,0.55402672290802,0.1157583445310592,0.4627900421619415,0.4785580635070801,0.253612220287323,0.2294424027204513,0.0314621478319168,0.1186255812644958,0.0165896322578191,0.2233872562646865,0.1351121962070465,0.1296405643224716,0.602843165397644,0.0746562480926513,0.0355046652257442,0.1590365469455719,0.0210503786802291,0.0803557336330413,0.103956788778305,0.211563378572464,0.1098554357886314,0.0419610328972339,0.0350039526820182,0.1769897043704986,0.0433273091912269,0.1996572911739349,0.4551255106925964,0.1814150065183639,0.209559679031372,0.0722356289625167,0.0645044222474098,0.0979747325181961,0.0535333193838596,0.2389145642518997,0.0862234532833099,0.0655611604452133,0.034802608191967,0.5048860907554626,0.0714974254369735
0.2582138180732727,0.1123332679271698,0.5488261580467224,0.1135391071438789,0.4598317146301269,0.4824826717376709,0.2510141730308532,0.2228873968124389,0.030968589708209,0.1190484911203384,0.015846200287342,0.2349443882703781,0.1547906994819641,0.1288100033998489,0.6049991846084595,0.0760573297739029,0.0356366299092769,0.1557909697294235,0.0205183960497379,0.0792828351259231,0.1058769077062606,0.2131282389163971,0.1161049678921699,0.0421071201562881,0.0354479476809501,0.1755445450544357,0.0442395471036434,0.1993164271116256,0.4531510174274444,0.1826492100954055,0.2060140669345855,0.0732345432043075,0.0666733235120773,0.1107576638460159,0.0422421172261238,0.2478051930665969,0.0895201712846756,0.0656960681080818,0.0345053523778915,0.4321554005146026,0.07407046854496
0.2573217749595642,0.111480176448822,0.5479259490966797,0.11408381909132,0.45993372797966,0.4806736707687378,0.2516954839229584,0.2222314625978469,0.0308456048369407,0.1188835129141807,0.0158676896244287,0.2359532415866851,0.1537639647722244,0.1202138736844062,0.6011075973510742,0.0759213045239448,0.035669706761837,0.1560944616794586,0.0207444466650486,0.0774179920554161,0.1043837815523147,0.2119168639183044,0.1140808090567588,0.0420690737664699,0.035935316234827,0.1748871505260467,0.0448216311633586,0.1994391530752182,0.4516645073890686,0.1823247075080871,0.2059699892997741,0.0735603868961334,0.0670573785901069,0.1101043820381164,0.0421724021434783,0.2473517209291458,0.0896713137626648,0.0657076686620712,0.0346789211034774,0.4307857155799866,0.0734793171286583
0.2478162050247192,0.112122356891632,0.5270931720733643,0.1125592142343521,0.4610238373279571,0.4683521389961242,0.2698942422866821,0.2198953032493591,0.0345576032996177,0.1142482981085777,0.0156569462269544,0.2200265675783157,0.1411300599575042,0.1351737231016159,0.5913550853729248,0.0731493532657623,0.0368619970977306,0.1587255150079727,0.0208518411964178,0.0763789936900138,0.0968329980969429,0.2144971191883087,0.1152999401092529,0.0430555120110511,0.0353509485721588,0.1775872111320495,0.0377508401870727,0.2041582316160202,0.4643349051475525,0.1811684817075729,0.2046815156936645,0.0717058628797531,0.062135275453329,0.1039121374487876,0.0414115451276302,0.2433271408081054,0.0894242003560066,0.0647647380828857,0.0345077440142631,0.5041661858558655,0.0691093355417251
0.2482536137104034,0.1117302104830741,0.5283690690994263,0.1123260930180549,0.4611537754535675,0.4674249589443207,0.2695863842964172,0.2193692028522491,0.0345122665166854,0.1140184551477432,0.0160223543643951,0.2203168720006942,0.140592336654663,0.1348232924938202,0.5919542908668518,0.0728160664439201,0.0369196608662605,0.1592155843973159,0.0209607910364866,0.0755617618560791,0.095970518887043,0.2140500098466873,0.1137191504240036,0.042892649769783,0.0353374704718589,0.1774165034294128,0.0379075035452842,0.2034640461206436,0.4608606398105621,0.1811447739601135,0.2036758512258529,0.0716922506690025,0.0619477182626724,0.1035033762454986,0.0412381328642368,0.2434846758842468,0.0895407944917678,0.0644513443112373,0.0346125438809394,0.5037187337875366,0.0692691951990127
0.2151996344327926,0.096652403473854,0.5211399793624878,0.1074698492884635,0.4355572462081909,0.4519796371459961,0.2553972601890564,0.2034901082515716,0.0328602045774459,0.0922269746661186,0.0172421690076589,0.2067674845457077,0.1246018707752227,0.1293843686580658,0.5617663264274597,0.0730352029204368,0.0346452072262764,0.1593286544084549,0.0212818458676338,0.0724125653505325,0.0803943946957588,0.2026230096817016,0.1103421449661254,0.0455356240272522,0.0515375137329101,0.1845515072345733,0.0351966321468353,0.1969249546527862,0.5012596845626831,0.1884797215461731,0.2206122428178787,0.0762520730495452,0.0727103874087333,0.1129888221621513,0.0437224879860878,0.2447782009840011,0.0918472856283187,0.0667918249964714,0.0334274694323539,0.5193510055541992,0.0745815485715866
0.2176670879125595,0.1002435386180877,0.5195814371109009,0.1092524603009224,0.4069245159626007,0.4568425416946411,0.2334211319684982,0.2017190754413604,0.0211952999234199,0.0965376943349838,0.0156194232404232,0.2307119071483612,0.1122473776340484,0.1233692243695259,0.5803302526473999,0.0783061757683754,0.0337214581668376,0.1483215093612671,0.0218421835452318,0.0757206529378891,0.0888006538152694,0.2008490115404129,0.1014968007802963,0.0432633087038993,0.0478055626153945,0.1780853569507599,0.0431028939783573,0.1865574270486831,0.4787423014640808,0.1855605542659759,0.2080083489418029,0.0762157589197158,0.0718528777360916,0.1081035286188125,0.0332511216402053,0.1979892998933792,0.0909521430730819,0.073846697807312,0.0326412618160247,0.4522776305675506,0.0769354701042175
0.2252833247184753,0.1028898060321807,0.5330540537834167,0.1430357694625854,0.4043572545051574,0.4128025770187378,0.2593922615051269,0.1815653443336486,0.0334584191441535,0.0847783237695694,0.0222243033349514,0.2114503234624862,0.1165748983621597,0.1497571468353271,0.526996910572052,0.0728376060724258,0.0375906154513359,0.1845106482505798,0.0243073925375938,0.0618989393115043,0.0709168165922164,0.1856782734394073,0.0859188884496688,0.0574362650513649,0.0376590564846992,0.1978088319301605,0.0415494814515113,0.2286733239889145,0.4960943460464477,0.214143693447113,0.2331830859184265,0.0717064961791038,0.0568889342248439,0.0963261201977729,0.0429060235619545,0.232769101858139,0.0765160769224166,0.0661134347319603,0.0354265123605728,0.5183678269386292,0.070223331451416
0.2236732244491577,0.100789651274681,0.5347103476524353,0.140411227941513,0.4085038900375366,0.4133155047893524,0.2642809450626373,0.1824639290571212,0.0334522351622581,0.0850100666284561,0.0226374622434377,0.2111819684505462,0.1171408593654632,0.1611181795597076,0.5249802470207214,0.0727370083332061,0.0375249534845352,0.1851089000701904,0.02463492564857,0.0617294795811176,0.0700745806097984,0.186940312385559,0.0844997763633728,0.0574567392468452,0.0369724109768867,0.1969892680644989,0.041633915156126,0.2288317680358886,0.496411383152008,0.2132775485515594,0.2339039444923401,0.0711979195475578,0.0566514916718006,0.0964398235082626,0.0426400303840637,0.2311321049928665,0.076132595539093,0.0655268728733062,0.0353735983371734,0.5186913013458252,0.0702912285923957
0.2278418987989425,0.1065491512417793,0.531281590461731,0.1399577409029007,0.4110606908798218,0.4256157577037811,0.262497067451477,0.1845535635948181,0.0334494560956954,0.0856154635548591,0.0215770546346902,0.2136032283306121,0.1186525300145149,0.1611223667860031,0.5320520401000977,0.0745546445250511,0.0363479256629943,0.1868020296096801,0.0240597147494554,0.0639498531818389,0.0674494802951812,0.185289666056633,0.0865156129002571,0.0580548420548439,0.0341982394456863,0.1967007517814636,0.040624663233757,0.2234620451927185,0.4917372465133667,0.2144831418991089,0.230500191450119,0.0711400061845779,0.0571934469044208,0.0973698943853378,0.0435798019170761,0.2333967685699463,0.0771719366312027,0.0657635331153869,0.0355024114251136,0.5150710344314575,0.0705267339944839
0.2266550958156585,0.1045805215835571,0.537370502948761,0.1397220194339752,0.4090219140052795,0.4219902455806732,0.2631421685218811,0.1833562105894088,0.0342258885502815,0.0853066369891166,0.0221869628876447,0.2131382524967193,0.1162312030792236,0.1621522605419159,0.5277329683303833,0.0741493254899978,0.0363043881952762,0.1859513223171234,0.0238709338009357,0.0635249465703964,0.0675848796963691,0.1848350018262863,0.0850143432617187,0.0575073435902595,0.035860851407051,0.1966121792793274,0.0414364039897918,0.224269762635231,0.4931076765060425,0.2143339216709137,0.2312382161617279,0.0706925168633461,0.0565474554896354,0.0965913906693458,0.0438227243721485,0.2337410300970077,0.0779034942388534,0.0658156126737594,0.0354897789657115,0.5169030427932739,0.0714275240898132
0.2293823808431625,0.1051278710365295,0.5317537784576416,0.1528916358947754,0.400488793849945,0.4166082441806793,0.2609556913375854,0.1798223257064819,0.0347993001341819,0.0840868353843689,0.0216318685561418,0.2115781009197235,0.1196375861763954,0.162603422999382,0.5273289680480957,0.0734972432255745,0.0361366458237171,0.1852416545152664,0.0239606518298387,0.0642304420471191,0.0672791972756385,0.1802050471305847,0.0842818394303321,0.0575863644480705,0.0360452011227607,0.1960885524749755,0.0417583808302879,0.2247849255800247,0.4845212697982788,0.2120366245508194,0.2271065860986709,0.0713066086173057,0.0558758527040481,0.0946954414248466,0.0436794497072696,0.2361419945955276,0.0773406624794006,0.064742311835289,0.035047136247158,0.5170893669128418,0.0702487379312515
0.239822655916214,0.108419232070446,0.5294277667999268,0.1443430781364441,0.3923463821411133,0.4273975193500519,0.2378866225481033,0.1796534210443496,0.032255433499813,0.0862450748682022,0.0199452098459005,0.2129181623458862,0.1124740540981292,0.1591075956821441,0.5368592143058777,0.0748890787363052,0.0361491069197654,0.1766554117202758,0.023380272090435,0.0687538310885429,0.0752758607268333,0.1792800724506378,0.091718703508377,0.0567245632410049,0.0366085320711135,0.1987896263599395,0.0381171107292175,0.2162555456161499,0.4677108824253082,0.2148444652557373,0.2236631214618683,0.0712318792939186,0.0560905560851097,0.0983915999531745,0.0435821823775768,0.2381746470928192,0.0782633870840072,0.0676259249448776,0.0353401452302932,0.5241045355796814,0.0710404068231582
0.2439620196819305,0.112897515296936,0.5274152755737305,0.1673310548067093,0.3838610053062439,0.4306647181510925,0.2345308363437652,0.1789032220840454,0.0326248295605182,0.0867703706026077,0.0275146961212158,0.209584891796112,0.1116022914648056,0.1497893333435058,0.5352893471717834,0.0741267427802085,0.0358921214938163,0.1752732545137405,0.0230321306735277,0.06797906011343,0.0735463798046112,0.1793730854988098,0.0880961865186691,0.0558635294437408,0.0378194600343704,0.200816124677658,0.0399074032902717,0.2149941325187683,0.4628491401672363,0.2175711691379547,0.2172192335128784,0.0719197988510131,0.0561984702944755,0.0958139076828956,0.0435072109103202,0.2430119067430496,0.0789302140474319,0.0675108209252357,0.0349369309842586,0.5296133756637573,0.0717167258262634
0.2440530061721801,0.1118244081735611,0.5287705063819885,0.1680328100919723,0.3831943273544311,0.4276636242866516,0.2317919433116912,0.1762417256832122,0.0326940491795539,0.0862886980175972,0.0282418839633464,0.2082191407680511,0.1095461994409561,0.1518835425376892,0.5319646000862122,0.0741227120161056,0.036183588206768,0.1763208210468292,0.0232585500925779,0.066256545484066,0.071788802742958,0.1785820424556732,0.0873055234551429,0.0573260299861431,0.0388145446777343,0.2012452483177185,0.0418436415493488,0.217299148440361,0.4648900926113128,0.2184407711029052,0.2185055911540985,0.0725157111883163,0.0567588359117507,0.0958911478519439,0.043806068599224,0.2466436177492141,0.0793287903070449,0.067584104835987,0.0351153835654258,0.5303874611854553,0.0719063207507133
0.1983999162912368,0.0927061960101127,0.5099287629127502,0.1535144448280334,0.3913373947143554,0.4315886795520782,0.2444330900907516,0.1801563501358032,0.0339428298175334,0.0864739865064621,0.0320563837885856,0.2071546018123626,0.1125250980257988,0.1658527851104736,0.522280752658844,0.0727725997567176,0.0370194353163242,0.1818035989999771,0.0247531961649656,0.0653123632073402,0.0639867559075355,0.1842093020677566,0.0911612138152122,0.0623690150678157,0.0400617010891437,0.2023444771766662,0.0427290499210357,0.2106008976697921,0.4458771646022796,0.1922530978918075,0.2240016609430313,0.0733503103256225,0.0581819154322147,0.0977341532707214,0.043730791658163,0.2479445040225982,0.0783428847789764,0.0678069368004798,0.035736221820116,0.5320512056350708,0.0724871754646301
0.1966543644666671,0.0914466753602027,0.5118467807769775,0.1517030298709869,0.3930830061435699,0.4333156943321228,0.246664673089981,0.1809761822223663,0.0339702442288398,0.0867573469877243,0.0323039852082729,0.2068475782871246,0.11216901242733,0.1653552055358886,0.5218082666397095,0.0731222182512283,0.037115428596735,0.1818491518497467,0.0248165354132652,0.064580038189888,0.0635640174150466,0.1846608370542526,0.0915223881602287,0.0628864392638206,0.0401118099689483,0.2031051069498062,0.0429972000420093,0.2109846174716949,0.4464983344078064,0.1913793534040451,0.223719984292984,0.0735753029584884,0.0582956597208976,0.0984033346176147,0.0436633005738258,0.2476731836795807,0.0783740505576133,0.0682366490364074,0.0359174609184265,0.5309740304946899,0.0725842863321304
0.1902843415737152,0.0777362138032913,0.4830653965473175,0.149361103773117,0.3786681294441223,0.4065544009208679,0.2567992210388183,0.1737776398658752,0.0326280333101749,0.0824532061815261,0.0365100018680095,0.2002424001693725,0.1027230322360992,0.1701534837484359,0.5071765184402466,0.0681708306074142,0.0372582077980041,0.1775429397821426,0.026183295994997,0.0606736168265342,0.0623324997723102,0.1817673146724701,0.0726979523897171,0.0642157718539238,0.0507262237370014,0.2082933187484741,0.0514471642673015,0.2179780602455139,0.5092849135398865,0.1872445195913314,0.2244046628475189,0.0767338573932647,0.0645865052938461,0.0989417061209678,0.0444888398051261,0.2428119629621505,0.0789604932069778,0.0670898556709289,0.0346075296401977,0.5273691415786743,0.0750469416379928
0.2164323031902313,0.080104224383831,0.4892098605632782,0.1532697081565857,0.3786383867263794,0.4119897782802582,0.2589790225028991,0.1751102805137634,0.0358647406101226,0.082970529794693,0.0370337143540382,0.201159581542015,0.1060870885848999,0.1722016781568527,0.5014577507972717,0.0721149370074272,0.0364599078893661,0.1800875067710876,0.0248061865568161,0.0622844137251377,0.0556592494249343,0.185845673084259,0.0770808607339859,0.0642240792512893,0.0424230769276618,0.2037274539470672,0.0480164736509323,0.2300447225570678,0.4742749631404876,0.1858406066894531,0.2218846082687378,0.0751161128282547,0.0612251237034797,0.0965205058455467,0.0434165336191654,0.2533886730670929,0.0796242579817771,0.0664274245500564,0.035374816507101,0.5295413732528687,0.0751044750213623
0.196637824177742,0.0800361707806587,0.4852067232131958,0.155577540397644,0.3660408854484558,0.4085106253623962,0.2539337873458862,0.173092171549797,0.0336270257830619,0.0803348869085311,0.0376507490873336,0.1981178224086761,0.0958272516727447,0.1700579226016998,0.5085196495056152,0.0684353709220886,0.0433145985007286,0.1806205064058303,0.0262403860688209,0.0608302392065525,0.0675930231809616,0.1850389540195465,0.0757621973752975,0.0697142034769058,0.0611478015780448,0.2221225798130035,0.0555655732750892,0.2186363488435745,0.5197007656097412,0.1925353109836578,0.2274300754070282,0.0777798295021057,0.066247746348381,0.1011055037379264,0.0458488836884498,0.2454538494348526,0.0803087502717971,0.0684760510921478,0.0351555384695529,0.5343095064163208,0.0766421929001808
0.1984292715787887,0.0804129987955093,0.483827143907547,0.156474158167839,0.3624792098999023,0.408578872680664,0.2509211599826813,0.1726034879684448,0.0330235436558723,0.0799732580780983,0.0372279807925224,0.1708259880542755,0.0936975926160812,0.1704093813896179,0.5068591833114624,0.0690805464982986,0.0430351272225379,0.1787949949502945,0.0260828211903572,0.06183323264122,0.0683040544390678,0.184993714094162,0.0772810727357864,0.0698970258235931,0.0610624328255653,0.2224532514810562,0.0550101809203624,0.2176050245761871,0.5151198506355286,0.1936823725700378,0.2259384989738464,0.0780500620603561,0.0665833503007888,0.1014043539762497,0.0461642444133758,0.2450522780418396,0.0807689651846885,0.069367378950119,0.0352094285190105,0.5474317073822021,0.077797882258892
0.2026349157094955,0.0804989263415336,0.4836540818214416,0.1585645675659179,0.3575612008571625,0.4102425277233124,0.2526657581329345,0.1708340942859649,0.0334317982196807,0.0810412466526031,0.0360824130475521,0.174092099070549,0.0903249233961105,0.1755764782428741,0.5099775195121765,0.0676823854446411,0.0364207401871681,0.1773871183395385,0.0265595931559801,0.0615088790655136,0.0640058666467666,0.1888309270143509,0.0751707479357719,0.0697759538888931,0.0590297691524028,0.2184550464153289,0.0547661706805229,0.2165285497903823,0.4985988736152649,0.1971195638179779,0.2198940813541412,0.0764028429985046,0.0642976611852645,0.1012136340141296,0.0456546321511268,0.2493519186973571,0.0805213823914527,0.0700696185231208,0.0352318920195102,0.5553394556045532,0.0804738700389862
0.1907335817813873,0.0728587210178375,0.4354788064956665,0.1524139642715454,0.3286551833152771,0.3884729146957397,0.245678961277008,0.161862775683403,0.0343183800578117,0.076412595808506,0.0430138632655143,0.1707438230514526,0.0758844465017318,0.1635528653860092,0.4672540724277496,0.066080056130886,0.0401168279349803,0.1712087988853454,0.0291641131043434,0.0557116009294986,0.0624253153800964,0.1814291775226593,0.0651590526103973,0.0763636529445648,0.0718561187386512,0.2233949601650238,0.0678457245230674,0.2206662893295288,0.5161203742027283,0.1996387839317321,0.2298555821180343,0.0795990526676178,0.0710831135511398,0.1089478433132171,0.0481177754700183,0.2530866861343384,0.0802851244807243,0.0729694813489914,0.0367547124624252,0.5505771636962891,0.0827351287007331
0.2010012865066528,0.0946768671274185,0.5007850527763367,0.1514965295791626,0.4195425510406494,0.4319381713867187,0.2775260210037231,0.1884475797414779,0.0377271324396133,0.0898132771253585,0.0354522317647933,0.2069427371025085,0.1083719655871391,0.1716822683811187,0.503726601600647,0.0709982812404632,0.0371247865259647,0.1975800096988678,0.0270650349557399,0.0615816935896873,0.0516239367425441,0.1932317018508911,0.0830030739307403,0.0634146928787231,0.0445396974682807,0.2047315686941146,0.044860403984785,0.2101482450962066,0.4978610873222351,0.2122688889503479,0.2297266870737075,0.0736888647079467,0.0593924038112163,0.0969931706786155,0.0401581078767776,0.2321227192878723,0.076393574476242,0.0669004023075103,0.0362328737974166,0.547054648399353,0.0737503245472908
0.2230613231658935,0.0569396391510963,0.5146245956420898,0.1454885154962539,0.4191677570343017,0.4383130669593811,0.285240888595581,0.2020518481731414,0.0369431897997856,0.0896261483430862,0.0253320299088954,0.2043192386627197,0.114563375711441,0.1694909483194351,0.5063011050224304,0.0718490332365036,0.0355075038969516,0.1975795477628708,0.0255416054278612,0.0644761323928833,0.0538130812346935,0.1927789151668548,0.0925998836755752,0.0628071650862693,0.0417855903506279,0.2031044960021972,0.0443559922277927,0.2086847722530365,0.5031533241271973,0.2075955271720886,0.2297607362270355,0.0724202692508697,0.0586457885801792,0.0965853035449981,0.0399950183928012,0.2497579455375671,0.0841434895992279,0.0676367133855819,0.0359165072441101,0.5474703907966614,0.0736231505870819
0.2092477232217788,0.0588550493121147,0.496524304151535,0.1516964882612228,0.3831366002559662,0.423801451921463,0.267764002084732,0.1810059398412704,0.033979907631874,0.0843163505196571,0.0368647798895835,0.2031466364860534,0.1047026738524437,0.171323761343956,0.5088567733764648,0.0671240538358688,0.0352612845599651,0.1861943751573562,0.0262189041823148,0.0629273504018783,0.0608553662896156,0.1913101822137832,0.0824528262019157,0.0663959383964538,0.0527422130107879,0.2113361060619354,0.0474298149347305,0.2123146653175354,0.4863292574882507,0.214432492852211,0.2250620275735855,0.0722294822335243,0.0601264014840126,0.0995915457606315,0.0423197820782661,0.2369622588157653,0.0793422758579254,0.0678328052163124,0.0361468642950058,0.5442180633544922,0.076831042766571
0.2296082675457,0.1067014411091804,0.5139190554618835,0.1424732208251953,0.401768147945404,0.4356144070625305,0.2653424143791199,0.1854715347290039,0.0367757529020309,0.0870679914951324,0.0247173719108104,0.2085860073566436,0.1113684996962547,0.1716487854719162,0.5031358003616333,0.0709567740559578,0.0349503085017204,0.1919573843479156,0.0235602278262376,0.0683287605643272,0.0536061152815818,0.1948314756155014,0.1011081784963607,0.0622078068554401,0.0431224815547466,0.1989965438842773,0.044961117208004,0.2063924074172973,0.500917911529541,0.2136968374252319,0.224603533744812,0.071824699640274,0.05671276897192,0.0979873239994049,0.0416227243840694,0.2324535846710205,0.0771852880716323,0.0674784556031227,0.0365712828934192,0.544216513633728,0.0754705071449279
0.2001007497310638,0.0783502459526062,0.4838501513004303,0.152528777718544,0.3898225426673889,0.4163205027580261,0.2682936191558838,0.1773172318935394,0.0349107533693313,0.0832166373729705,0.039516270160675,0.2015511095523834,0.1014517247676849,0.1730977743864059,0.5050468444824219,0.0685505867004394,0.0374255627393722,0.1924428045749664,0.0281100906431674,0.0625495910644531,0.0607559382915496,0.1872850805521011,0.0797163248062133,0.06825502961874,0.0521919578313827,0.2176078110933303,0.0485455766320228,0.2136463224887848,0.4925876557826996,0.1922340244054794,0.2278062254190445,0.0730692148208618,0.0591188743710517,0.1005403771996498,0.0422770082950592,0.2284575402736663,0.0780769437551498,0.066906526684761,0.0366306565701961,0.5407394766807556,0.0746733993291854
0.2013789713382721,0.0789300724864006,0.4805052280426025,0.1518698930740356,0.3909990191459656,0.4177515506744385,0.2672263085842132,0.1778367757797241,0.0345433130860328,0.0834035873413086,0.0394604802131652,0.2035170197486877,0.101791426539421,0.1727180480957031,0.5050604939460754,0.0685607641935348,0.0370100960135459,0.1915450990200042,0.0277317129075527,0.0632141232490539,0.0584188625216484,0.1878086030483245,0.0801839679479599,0.0677698254585266,0.0510795190930366,0.2170794904232025,0.0473481342196464,0.2121800035238266,0.4904667735099792,0.1921713352203369,0.2273253798484802,0.0730192214250564,0.0588699802756309,0.1003356873989105,0.0425313413143157,0.2268969565629959,0.0775854289531707,0.0670208856463432,0.0366879776120185,0.5396125316619873,0.0746058374643325
0.1975564956665039,0.0786394476890564,0.4406710863113403,0.157118558883667,0.3613139986991882,0.4021982550621032,0.1811035573482513,0.165191501379013,0.0311863645911216,0.0786096006631851,0.0308533478528261,0.2053624093532562,0.0932342559099197,0.1775171160697937,0.4931382834911346,0.0681858882308006,0.0383490025997161,0.1910777986049652,0.0270393341779708,0.0605963617563247,0.0651199594140052,0.1779656410217285,0.0805330127477645,0.0696620494127273,0.0681128501892089,0.2306252419948578,0.0522671602666378,0.2159458845853805,0.5357392430305481,0.1901115775108337,0.245927408337593,0.0803541764616966,0.0678669437766075,0.1066618412733078,0.0479002371430397,0.2373260557651519,0.0789314433932304,0.0748955309391021,0.0371916741132736,0.5407485365867615,0.078120619058609
0.1992333978414535,0.0809136554598808,0.4445215463638305,0.1585856080055236,0.3644083440303802,0.4043160080909729,0.181219607591629,0.166257619857788,0.0310362074524164,0.0786464214324951,0.0307555515319108,0.2071006298065185,0.0966463088989257,0.1768777966499328,0.5000678300857544,0.0680814310908317,0.0385010093450546,0.1927529871463775,0.0272003225982189,0.0609060712158679,0.0661209821701049,0.1786306202411651,0.0806767791509628,0.0697600319981575,0.067699559032917,0.2315555214881897,0.0518663972616195,0.2161896526813507,0.5337467193603516,0.1912377774715423,0.2450199425220489,0.0802153646945953,0.0676516517996788,0.1061796694993972,0.0477553606033325,0.2382451593875885,0.0791141539812088,0.0750265121459961,0.03732930123806,0.5387344360351562,0.0776644200086593
0.2044635713100433,0.0596209242939949,0.4795759618282318,0.165345162153244,0.3990283608436584,0.4037380814552307,0.2557797431945801,0.178434357047081,0.0397410243749618,0.0797036588191986,0.0453571788966655,0.2017895579338073,0.1227629035711288,0.1781167089939117,0.4993964433670044,0.0710807368159294,0.0382504165172576,0.1912451386451721,0.0279493760317564,0.0584103092551231,0.0541952736675739,0.1869274228811264,0.0661759302020073,0.0717819184064865,0.0515154488384723,0.2232299745082855,0.0552563294768333,0.2178956717252731,0.5576366186141968,0.2150546908378601,0.2502677142620086,0.0790771394968032,0.062397763133049,0.1010172665119171,0.0488277487456798,0.2489075660705566,0.0796061605215072,0.06824441999197,0.0364843308925628,0.5221394300460815,0.072795458137989
0.203715294599533,0.0599949732422828,0.4809537827968597,0.1657858490943908,0.3991698026657104,0.402122288942337,0.2575060725212097,0.1781855076551437,0.0399480909109115,0.0794042497873306,0.0353115759789943,0.2021010518074035,0.1231100857257843,0.1791021823883056,0.498131662607193,0.0708534941077232,0.0383374989032745,0.1916390061378479,0.028030652552843,0.0584288835525512,0.0542096458375453,0.1869429051876068,0.0666772499680519,0.0718304216861724,0.0519198141992092,0.222845122218132,0.0556793287396431,0.2180927842855453,0.559749960899353,0.2147435545921325,0.2515653967857361,0.0790435299277305,0.0621169991791248,0.1005691736936569,0.0490080043673515,0.2491700053215026,0.0798720270395279,0.0683234632015228,0.0366391725838184,0.5206031799316406,0.0724100321531295
0.2249346077442169,0.0587736554443836,0.5171701312065125,0.1578662097454071,0.4309712648391723,0.4287936687469482,0.2615309357643127,0.2035228610038757,0.0366813093423843,0.0906147509813308,0.03678784891963,0.2017816007137298,0.1168329268693924,0.1734682321548462,0.4974685311317444,0.0741416066884994,0.0370083190500736,0.203838974237442,0.0266815461218357,0.0623438954353332,0.0493543818593025,0.1910211443901062,0.0848187133669853,0.0668539032340049,0.0387661829590797,0.2108843326568603,0.0454873330891132,0.2074135243892669,0.533161997795105,0.2064774185419082,0.2472607195377349,0.0727648586034774,0.0569277703762054,0.0988224893808364,0.0442928224802017,0.2453067004680633,0.0829728990793228,0.0662207454442977,0.0364708825945854,0.5461286306381226,0.0699072629213333
0.2017408311367035,0.0783197358250618,0.4911007881164551,0.1490289866924286,0.3914702534675598,0.393930435180664,0.2413923293352127,0.1740795075893402,0.0366596803069114,0.0830245092511177,0.0421498417854309,0.2025047540664672,0.1057073771953582,0.1612416058778762,0.4968712627887726,0.0716512575745582,0.0379440784454345,0.1987494379281997,0.0278395935893058,0.0591331385076046,0.059080921113491,0.1754788160324096,0.0688905715942382,0.0685611963272094,0.0502833873033523,0.2190638482570648,0.0524059310555458,0.2137102037668228,0.52437824010849,0.1946459114551544,0.244857370853424,0.0746556371450424,0.057627473026514,0.1019201055169105,0.0460478626191616,0.2346105128526687,0.081302672624588,0.0675681084394455,0.0368439480662345,0.5470700263977051,0.0724846646189689
0.2222470939159393,0.0582702718675136,0.5120486617088318,0.1556648463010788,0.4201985895633697,0.4277710616588592,0.2594420313835144,0.185463860630989,0.0349646881222724,0.0898925065994262,0.0354409031569957,0.2036110460758209,0.1186765506863594,0.1700537651777267,0.5054280757904053,0.0733028501272201,0.0358782559633255,0.1974141299724578,0.0261518396437168,0.0638439506292343,0.0524391867220401,0.1844710409641266,0.0867719203233718,0.0641263276338577,0.0359875485301017,0.2033143937587738,0.042556993663311,0.2060898542404174,0.5234818458557129,0.2052796185016632,0.2380840480327606,0.0723054111003875,0.0561261922121048,0.0966242626309394,0.0439514145255088,0.2251155227422714,0.0744005292654037,0.0654807984828949,0.0355391502380371,0.5445811748504639,0.0691458731889724
0.2200430184602737,0.0581846982240676,0.5060965418815613,0.1568431109189987,0.413711667060852,0.4282459020614624,0.2585150599479675,0.1854647099971771,0.0353430025279521,0.0893017053604126,0.0358541905879974,0.2034188061952591,0.1161789819598198,0.1724208891391754,0.5000977516174316,0.0738973170518875,0.0358325541019439,0.1980914324522018,0.0264115836471319,0.0636731311678886,0.0524704083800315,0.1852080225944519,0.0876310840249061,0.0653495788574218,0.0366001352667808,0.2041572630405426,0.0435402877628803,0.2073941528797149,0.5244535207748413,0.2065978944301605,0.2378934919834137,0.0728712677955627,0.0567066743969917,0.0976364165544509,0.0444641634821891,0.2262767851352691,0.074815422296524,0.0657583177089691,0.0355208255350589,0.5454797744750977,0.0696560740470886
0.2121624946594238,0.0600833036005497,0.4765285551548004,0.1591216623783111,0.4356429278850555,0.4252434372901916,0.2722347378730774,0.205537348985672,0.0368086919188499,0.0909981802105903,0.038765512406826,0.2064566016197204,0.1258068084716797,0.170358195900917,0.5041837096214294,0.0724760144948959,0.0377150177955627,0.207405537366867,0.0277554374188184,0.0616856291890144,0.0504395589232444,0.191472589969635,0.0776851624250412,0.0678377449512481,0.0413604378700256,0.206402838230133,0.0477459914982318,0.2107885032892227,0.5312976837158203,0.2099773585796356,0.2499537914991378,0.0715085491538047,0.0509015209972858,0.0983191654086113,0.0429098829627037,0.2529540657997131,0.0812026858329773,0.0651843100786209,0.035688005387783,0.5451765060424805,0.0723147541284561
0.2125004231929779,0.0599396750330925,0.4771369695663452,0.1594975590705871,0.4354946613311767,0.4242783188819885,0.2713996767997741,0.2048187553882599,0.0368106290698051,0.0906650125980377,0.0388983562588691,0.2066842764616012,0.1252097636461258,0.1706893742084503,0.5040731430053711,0.0724308639764785,0.0377830937504768,0.2074323892593383,0.0278971344232559,0.0616591647267341,0.0502561256289482,0.1912777572870254,0.0771852880716323,0.0680338442325592,0.0418199189007282,0.2068114727735519,0.047870360314846,0.2110855430364608,0.5307521820068359,0.2100855410099029,0.2497659623622894,0.0715822130441665,0.0507767796516418,0.0984585136175155,0.0429151356220245,0.2533197402954101,0.0812601372599601,0.0652298927307128,0.0357529185712337,0.5450470447540283,0.072347342967987
