AU1,AU2,AU4,AU5,AU6,AU7,AU9,AU10,AU11,AU12,AU13,AU14,AU15,AU16,AU17,AU18,AU19,AU20,AU22,AU23,AU24,AU25,AU26,AU27,AU32,AU38,AU39,AUL1,AUR1,AUL2,AUR2,AUL4,AUR4,AUL6,AUR6,AUL10,AUR10,AUL12,AUR12,AUL14,AUR14
0.2486036419868469,0.0868855863809585,0.5315640568733215,0.1625658273696899,0.4018181562423706,0.4482568502426147,0.1698141396045684,0.182957112789154,0.0249675773084163,0.0801112949848175,0.0098982546478509,0.2223483473062515,0.1177059561014175,0.137435182929039,0.5729899406433105,0.0739842131733894,0.0353153236210346,0.1527493745088577,0.0171062834560871,0.0929791182279586,0.0945162251591682,0.187032014131546,0.0925512909889221,0.0480294488370418,0.0446289367973804,0.2000604271888733,0.0463304966688156,0.2211303114891052,0.496032565832138,0.2312183082103729,0.2523508667945862,0.06159308552742,0.0563540756702423,0.1111101731657981,0.0358458161354064,0.2512814104557037,0.078620046377182,0.0726043283939361,0.0374307259917259,0.5300108790397644,0.0686746314167976
0.2393891811370849,0.0929026529192924,0.5181187391281128,0.1665090769529342,0.4031252861022949,0.4374816119670868,0.2154945731163025,0.1819654107093811,0.0218808874487876,0.0850693583488464,0.0170352552086114,0.2195843458175659,0.1099026948213577,0.1458562910556793,0.5543968677520752,0.0787493512034416,0.0388036109507083,0.1604571938514709,0.0208602957427501,0.082184188067913,0.0886906236410141,0.1840965300798416,0.0824588984251022,0.0543340221047401,0.0533479563891887,0.2179305553436279,0.0429930016398429,0.2237638235092163,0.5030410885810852,0.2032779455184936,0.2486489415168762,0.0695288926362991,0.0591156333684921,0.1206305772066116,0.0391965433955192,0.2366621792316436,0.0789371058344841,0.0848456621170044,0.039114624261856,0.527114748954773,0.07378950715065
0.252332329750061,0.0893885791301727,0.5543051362037659,0.1613097488880157,0.417592704296112,0.4564876556396484,0.2231203466653823,0.1863864213228225,0.0252840593457222,0.084697738289833,0.0117488326504826,0.2183940410614013,0.1296554803848266,0.1301602721214294,0.5959793925285339,0.0744720548391342,0.0368984118103981,0.1558399200439453,0.019250625744462,0.0760944560170173,0.0948805212974548,0.1950390636920929,0.0951501727104187,0.0503702871501445,0.0484252087771892,0.206883043050766,0.0482556596398353,0.2200771868228912,0.4701200425624847,0.2362005412578582,0.2360979914665222,0.0619263648986816,0.0552962757647037,0.1109286844730377,0.0349345095455646,0.2609097361564636,0.0782484412193298,0.0701998621225357,0.037762202322483,0.528040885925293,0.0697439014911651
0.2391639798879623,0.093778446316719,0.5759871602058411,0.1588859111070633,0.4108603298664093,0.4392505586147308,0.2319435328245163,0.1729234308004379,0.022380681708455,0.0821976512670517,0.0142786651849746,0.2160491943359375,0.099197119474411,0.1382288634777069,0.5563822984695435,0.078733779489994,0.038820244371891,0.1538415998220443,0.0194454211741685,0.0808109939098358,0.0965263843536377,0.1867927461862564,0.085006445646286,0.0529080256819725,0.0557180792093277,0.2098541855812072,0.0363133959472179,0.2207285761833191,0.4851632416248321,0.2037865221500396,0.2377134561538696,0.0671056285500526,0.0566987693309783,0.1149588972330093,0.0365019850432872,0.2582484781742096,0.0831471979618072,0.0809454023838043,0.0383384153246879,0.5282377004623413,0.0723388940095901
0.2408826053142547,0.0948237478733062,0.576400101184845,0.159027874469757,0.4114709496498108,0.4390503168106079,0.2311713546514511,0.1725157648324966,0.0223849341273307,0.0821838155388832,0.0140018882229924,0.2160544544458389,0.1003762036561966,0.1373582482337951,0.55742347240448,0.078859195113182,0.0387703254818916,0.154008150100708,0.0194856971502304,0.0820162296295166,0.0967915058135986,0.1863186210393905,0.0853328704833984,0.0528091974556446,0.0552338175475597,0.210524708032608,0.036070741713047,0.2202386856079101,0.4857570230960846,0.2041483968496322,0.2386368215084076,0.0669594854116439,0.0564789548516273,0.1146797910332679,0.0363095551729202,0.2577410340309143,0.0830503851175308,0.0809337198734283,0.0383429192006588,0.5286891460418701,0.0723932012915611
0.2638513445854187,0.1208890974521637,0.5734783411026001,0.1255795955657959,0.4133827686309814,0.462500125169754,0.2291225045919418,0.2015551328659057,0.0226317159831523,0.0880727171897888,0.0130234658718109,0.2128030210733413,0.083686240017414,0.1362252235412597,0.5394341349601746,0.0739150568842887,0.0365959219634532,0.1493914574384689,0.0162456333637237,0.0797395408153534,0.0825643837451934,0.2163354605436325,0.1067709028720855,0.0493665784597396,0.0582339018583297,0.1935755014419555,0.0411930754780769,0.2208887487649917,0.4646937549114227,0.2449609786272049,0.2369126230478286,0.0670494362711906,0.0607859566807746,0.1141232773661613,0.0349506177008152,0.2590950131416321,0.0827938318252563,0.083233505487442,0.0379548445343971,0.5190199017524719,0.0678935348987579
0.2667593955993652,0.12522953748703,0.5686871409416199,0.1409480571746826,0.4203768968582153,0.4712664783000946,0.2271926552057266,0.2054377049207687,0.0224528424441814,0.0892557427287101,0.01125961355865,0.2148194313049316,0.0940696075558662,0.1313364207744598,0.5549270510673523,0.0740845799446106,0.0359825417399406,0.1526596844196319,0.0161635763943195,0.0871540606021881,0.1002890691161155,0.217118352651596,0.1096450462937355,0.0467859357595443,0.0546987764537334,0.1936944425106048,0.0373568423092365,0.2199267446994781,0.454586923122406,0.2435144931077957,0.2326648235321045,0.0661349892616272,0.0605060793459415,0.1118848547339439,0.0347705632448196,0.2566860914230346,0.0817263945937156,0.0827698037028312,0.0373656004667282,0.517837405204773,0.067352071404457
0.2736980020999908,0.1199749782681465,0.5893281698226929,0.1203160360455513,0.4261843562126159,0.4666413962841034,0.1921003311872482,0.2107830047607422,0.0218798741698265,0.1060183495283126,0.011579823680222,0.2047311067581176,0.0942208915948867,0.1125763803720474,0.5647085905075073,0.0758567750453949,0.0333459414541721,0.1388178169727325,0.0160485822707414,0.082071304321289,0.0687851384282112,0.2284661680459976,0.125155508518219,0.0540508404374122,0.0553926937282085,0.1927509009838104,0.043556310236454,0.2215299755334854,0.4681165218353271,0.2165882438421249,0.2221355885267257,0.0681041628122329,0.0631196647882461,0.121172696352005,0.0316614434123039,0.2825421690940857,0.0832586735486984,0.0843985751271247,0.0375804863870143,0.5314106941223145,0.0715053230524063
0.2788637280464172,0.1304520219564438,0.5886752605438232,0.131448358297348,0.4067174792289734,0.4551015496253967,0.2116352766752243,0.2022307217121124,0.0229273214936256,0.0875972062349319,0.0101840207353234,0.2148979306221008,0.0905305743217468,0.1279393136501312,0.5514169931411743,0.0733801051974296,0.0356397069990634,0.1431859731674194,0.0161245223134756,0.0842273533344268,0.0788051709532737,0.2198691070079803,0.1208649277687072,0.0498375669121742,0.0586791932582855,0.1877091377973556,0.0408259257674217,0.2190604954957962,0.4523527026176452,0.2491287589073181,0.2335873395204544,0.0664564818143844,0.0603214129805564,0.1064202487468719,0.0326888747513294,0.2705050110816955,0.0830044150352478,0.0822823643684387,0.0383730493485927,0.5153641700744629,0.0648285448551178
0.2597640454769134,0.1272214353084564,0.5622907876968384,0.1354947686195373,0.4013054966926574,0.4539791941642761,0.2219151258468628,0.1952491402626037,0.0215248595923185,0.0924078971147537,0.0155410338193178,0.2136510014533996,0.0973035618662834,0.1353429406881332,0.5671088695526123,0.0795657634735107,0.0386230982840061,0.1714188456535339,0.0186826027929782,0.0836727619171142,0.1075047105550766,0.2140849977731704,0.1010236144065857,0.0535976365208625,0.0578747242689132,0.2170430123805999,0.0490807332098484,0.2226691842079162,0.4870164394378662,0.2531383037567138,0.2456678599119186,0.071763202548027,0.0648475810885429,0.1207916215062141,0.0343523360788822,0.2639967203140259,0.0862768590450286,0.0864688009023666,0.0399838462471962,0.5286514759063721,0.0739036202430725
0.2416901439428329,0.1130532473325729,0.5498953461647034,0.1310820579528808,0.4011622965335846,0.4393261671066284,0.232784241437912,0.1912761330604553,0.0216917693614959,0.0862097218632698,0.0162745937705039,0.2145931869745254,0.0828763097524643,0.1412091553211212,0.5343123078346252,0.0779725685715675,0.037990391254425,0.1717118173837661,0.0186972226947546,0.0788355469703674,0.1075513884425163,0.2055980712175369,0.0981357842683792,0.0496009886264801,0.0492913089692592,0.2114238739013672,0.0479770973324775,0.2221965491771698,0.5044943690299988,0.2454629391431808,0.2538277506828308,0.0712046101689338,0.0633153766393661,0.1225436776876449,0.0357516705989837,0.2568675279617309,0.0839560404419899,0.0856072008609771,0.0390175282955169,0.53158038854599,0.0710629224777221
0.2362543940544128,0.1222884654998779,0.5340553522109985,0.1279270201921463,0.4503720104694366,0.4602230787277221,0.2375421375036239,0.2033538520336151,0.0291199795901775,0.092018537223339,0.0159292295575141,0.2235056757926941,0.1125693321228027,0.1331484019756317,0.5557141304016113,0.0840555652976036,0.0375854596495628,0.1595498323440551,0.0196083597838878,0.0855079442262649,0.0897794663906097,0.2118787318468094,0.1008242890238761,0.0505472980439662,0.0561648160219192,0.2087120115756988,0.0425630137324333,0.2246078103780746,0.5002586245536804,0.2435834258794784,0.2558575272560119,0.0675607621669769,0.0600607022643089,0.1254968345165252,0.0371366515755653,0.2617809772491455,0.0829720050096511,0.0740730166435241,0.0377639234066009,0.5187000632286072,0.0697681158781051
0.2379074990749359,0.1226914376020431,0.5316616296768188,0.1286732852458953,0.4464442133903503,0.4576833844184875,0.2342615872621536,0.2024890780448913,0.0227995663881301,0.0909061953425407,0.0169492624700069,0.2244442999362945,0.1095383837819099,0.1201690211892128,0.5553921461105347,0.084727831184864,0.0379643999040126,0.1604896783828735,0.0198028963059186,0.0856033414602279,0.0902581661939621,0.2116750329732895,0.1006485372781753,0.0518282204866409,0.0570629239082336,0.2115998864173889,0.0427311621606349,0.2234866917133331,0.4994244873523712,0.2451273500919342,0.2568256556987762,0.0680180042982101,0.0610147416591644,0.1264824420213699,0.037416435778141,0.2602942585945129,0.0832818299531936,0.085076093673706,0.0390895456075668,0.5156641006469727,0.0694098994135856
0.2722324430942535,0.1013230830430984,0.5607276558876038,0.1363363116979599,0.4501953125,0.4780250191688537,0.2403446733951568,0.2216672599315643,0.0212680660188198,0.0905150026082992,0.00911371037364,0.2140416502952575,0.155702993273735,0.1094660311937332,0.6017410755157471,0.0756141245365142,0.0344240069389343,0.1471186578273773,0.0174433644860982,0.0965455919504165,0.0968623682856559,0.2135570049285888,0.1321387737989425,0.0485811233520507,0.0457963421940803,0.1933095157146453,0.0364586412906646,0.2165765464305877,0.4643777906894684,0.2487370818853378,0.2392043769359588,0.0610864534974098,0.0563912168145179,0.1125064715743064,0.0329061187803745,0.2635318636894226,0.0817745551466941,0.0816752314567565,0.0368427634239196,0.5171388387680054,0.0647686272859573
0.2722335457801819,0.1014858782291412,0.5608282089233398,0.1371333599090576,0.4490461349487304,0.475071519613266,0.2391223162412643,0.2202008962631225,0.0212202128022909,0.1066236197948455,0.0094227343797683,0.2141556739807129,0.1290494799613952,0.1101928502321243,0.6015926599502563,0.0753974914550781,0.0346721187233924,0.146382138133049,0.0173685401678085,0.0961630269885063,0.0970832556486129,0.2126004099845886,0.1324276626110077,0.0491535104811191,0.0481598451733589,0.1937631517648697,0.0373063683509826,0.2171264290809631,0.4657542705535888,0.250409722328186,0.2400416135787964,0.061336301267147,0.0565783381462097,0.1128576174378395,0.0330225527286529,0.2635308504104614,0.081955999135971,0.0819110870361328,0.0371287576854229,0.5169790387153625,0.0648332014679908
0.3007981181144714,0.1413638293743133,0.5996835231781006,0.1407784968614578,0.4324088990688324,0.4773043692111969,0.2176767885684967,0.2203855812549591,0.0220314674079418,0.1019593328237533,0.012682001106441,0.2107878774404525,0.1132172644138336,0.10516257584095,0.5946502089500427,0.0746743083000183,0.0371492952108383,0.1377497017383575,0.0152738615870475,0.0854386538267135,0.0906310081481933,0.2416155785322189,0.1391691267490387,0.0479448363184928,0.0495332367718219,0.1877628415822982,0.0614622086286544,0.2206898927688598,0.4432559013366699,0.2312760353088379,0.2116238921880722,0.0441759750247001,0.0402263961732387,0.118155151605606,0.0312767922878265,0.2907429337501526,0.088893137872219,0.0807735249400138,0.0383045710623264,0.5078502893447876,0.0672604292631149
0.3037769794464111,0.1454195976257324,0.6029419302940369,0.1316190361976623,0.4387299418449402,0.4798735678195953,0.2158242464065551,0.2218008935451507,0.0223379991948604,0.1025075390934944,0.0124498978257179,0.2109875082969665,0.1175792217254638,0.1033211275935173,0.603813886642456,0.0746167302131652,0.0371726565062999,0.138503298163414,0.0152646359056234,0.0878216028213501,0.0911817476153373,0.241021379828453,0.1404380351305008,0.0476296842098236,0.0493207275867462,0.190056174993515,0.0437704399228096,0.2202639430761337,0.4414342641830444,0.2315790057182312,0.2118464410305023,0.0436317697167396,0.0394596047699451,0.1171016693115234,0.0312837585806846,0.291759192943573,0.0889617651700973,0.0802562534809112,0.0380210615694522,0.5067459940910339,0.065847560763359
0.2805109620094299,0.1484979391098022,0.611274778842926,0.1114225387573242,0.4717131853103637,0.4844395518302917,0.233522891998291,0.2267259061336517,0.0218963008373975,0.1084612011909484,0.0091589950025081,0.2166525274515152,0.113972470164299,0.1211229413747787,0.5977383852005005,0.0775358229875564,0.0347379073500633,0.1363116055727005,0.0143015217036008,0.1008034348487854,0.1022769212722778,0.2218702584505081,0.138088047504425,0.0434627011418342,0.0506055243313312,0.1809626817703247,0.0355647727847099,0.2064694166183471,0.4801418483257293,0.2604478895664215,0.254133403301239,0.0653284415602684,0.0617898777127265,0.1147421225905418,0.0345835946500301,0.2640933096408844,0.087040290236473,0.0842072963714599,0.037976823747158,0.5106562972068787,0.0627152770757675
0.2807589173316955,0.1449999362230301,0.613294243812561,0.1134998798370361,0.4695914983749389,0.4842361211776733,0.2348827570676803,0.2245524823665619,0.0284258238971233,0.1065471917390823,0.0094068255275487,0.2159082293510437,0.1135983690619468,0.1236348897218704,0.5953223705291748,0.0769958794116973,0.0349884517490863,0.1376635134220123,0.0148225165903568,0.0974846109747886,0.1008955389261245,0.2231365144252777,0.135636031627655,0.0448489114642143,0.0527317933738231,0.1836603581905365,0.0367603339254856,0.208032339811325,0.4824877083301544,0.2603314816951751,0.2557355165481567,0.0655712410807609,0.0617733672261238,0.1148008108139038,0.0348731912672519,0.2656444311141968,0.0869644880294799,0.0723785012960434,0.0384586863219738,0.5118919610977173,0.0628451779484748
0.2715512216091156,0.1358939707279205,0.600902795791626,0.1249029412865638,0.4594846367835998,0.4610590040683746,0.237333282828331,0.2164325714111328,0.0295083858072757,0.1016378328204155,0.0090449694544076,0.2147925198078155,0.1003549918532371,0.1326769590377807,0.5706241130828857,0.0715453699231147,0.0344737693667411,0.1408200860023498,0.0188281964510679,0.0879764035344123,0.0931403189897537,0.2257219851016998,0.1298792660236358,0.0473205596208572,0.0512868613004684,0.1844239085912704,0.0413034483790397,0.215008869767189,0.4828930199146271,0.2543006837368011,0.2530810832977295,0.0675139054656028,0.0619315654039382,0.1137142777442932,0.0346823222935199,0.2691313624382019,0.0860201865434646,0.0722109228372573,0.0379458218812942,0.515644371509552,0.0634856969118118
0.2684366703033447,0.101013645529747,0.5884366631507874,0.1415888667106628,0.45102459192276,0.4629368185997009,0.2428215444087982,0.2138783633708953,0.0267235431820154,0.091716468334198,0.0081422133371233,0.2201450765132904,0.1101840734481811,0.1170858889818191,0.5841816067695618,0.0739618390798568,0.0329435840249061,0.1411192119121551,0.0200703255832195,0.0905605405569076,0.0972470194101333,0.2126319110393524,0.1252354830503463,0.0464673489332199,0.0486003905534744,0.1859790980815887,0.0392137430608272,0.2099926620721817,0.4551941752433777,0.2439960688352584,0.2393546402454376,0.0645447820425033,0.0573230497539043,0.1084421798586845,0.0333448462188243,0.262173593044281,0.0824294537305831,0.0713572651147842,0.0376049280166626,0.5098683834075928,0.0608874671161174
0.2699713110923767,0.0974054634571075,0.5686814785003662,0.1287190169095993,0.4667397141456604,0.4676570892333984,0.2548318207263946,0.2195227146148681,0.0284233577549457,0.0938206166028976,0.0091237714514136,0.2140938341617584,0.1371165812015533,0.1284426152706146,0.5850863456726074,0.0791814625263214,0.0327978767454624,0.1435818821191787,0.018484029918909,0.086393803358078,0.0890655666589737,0.2130747884511947,0.1255627274513244,0.0489411950111389,0.0524569973349571,0.1882450431585312,0.041787564754486,0.2135795503854751,0.4722034335136413,0.2432908713817596,0.2447293102741241,0.0613481439650058,0.0547648407518863,0.1083495020866394,0.0333798117935657,0.2654208540916443,0.0832662135362625,0.0718013793230056,0.0367456004023551,0.5131253004074097,0.0625752732157707
0.2694668173789978,0.0974845811724662,0.5670489072799683,0.1288283020257949,0.4667438864707947,0.4680812060832977,0.2555221319198608,0.2198830693960189,0.0283628478646278,0.0941669419407844,0.0090720858424901,0.2140528857707977,0.1382043063640594,0.1283202767372131,0.5850880146026611,0.0739985629916191,0.0328533798456192,0.1433403640985489,0.0185419395565986,0.0866191685199737,0.0891308709979057,0.2128075510263443,0.1259956657886505,0.048880785703659,0.0521945469081401,0.1879138052463531,0.0418829582631588,0.2136805355548858,0.4722444117069244,0.2436510324478149,0.244954451918602,0.0614174045622348,0.0550008788704872,0.1083255857229232,0.0332297421991825,0.264889657497406,0.0831868797540664,0.0718576535582542,0.0366591438651084,0.512995719909668,0.0625191703438758
0.2304190397262573,0.0898806899785995,0.5140814185142517,0.1588699221611023,0.4060860872268677,0.4352767467498779,0.2453415393829345,0.1778449267148971,0.0276666339486837,0.0844158083200454,0.0162368305027484,0.219284638762474,0.1006003022193908,0.1441673189401626,0.5258486270904541,0.0816535949707031,0.0373437814414501,0.1674304604530334,0.0212584510445594,0.0736599788069725,0.0747372359037399,0.1833730638027191,0.0906977728009224,0.0574474111199379,0.0517771802842617,0.2118777334690094,0.042081706225872,0.2185229957103729,0.510517954826355,0.1947682201862335,0.2563001215457916,0.0715857818722724,0.0595929622650146,0.1169707253575325,0.0371375977993011,0.2539196014404297,0.0822667628526687,0.0730817317962646,0.0368720926344394,0.5288401246070862,0.0715742781758308
0.2295933067798614,0.0905461609363555,0.5148447751998901,0.1584565341472625,0.4067761600017547,0.4339651465415954,0.2459455877542495,0.1773071587085724,0.0275049526244401,0.0841954946517944,0.0162012204527854,0.219567984342575,0.1004398614168167,0.1433129906654358,0.5283512473106384,0.0816598013043403,0.0374981835484504,0.1671155840158462,0.0211244206875562,0.0746163576841354,0.0753309726715087,0.1827142238616943,0.0911055207252502,0.0577302388846874,0.0518081896007061,0.2121658623218536,0.0420416072010993,0.2186138182878494,0.5107008218765259,0.1954710036516189,0.2569404542446136,0.0714465528726577,0.0594993792474269,0.1169493645429611,0.0369994640350341,0.2541905045509338,0.0824493914842605,0.073110207915306,0.0370963066816329,0.5280497670173645,0.0714395865797996
0.2478778660297393,0.1036700308322906,0.5571593046188354,0.1687818318605423,0.4053837060928345,0.4287946224212646,0.2286723554134369,0.1749585270881652,0.031069278717041,0.0812463909387588,0.0124666607007384,0.2161764055490493,0.1221555471420288,0.1459677070379257,0.572279155254364,0.0722495764493942,0.0374274253845214,0.157997578382492,0.0199129823595285,0.0821394473314285,0.0919980630278587,0.1874192953109741,0.0971247106790542,0.0580268651247024,0.0558179952204227,0.2207094579935073,0.0452119261026382,0.220525324344635,0.5005252361297607,0.2062059044837951,0.2443451434373855,0.0699349492788314,0.0576833710074424,0.107301652431488,0.0352644920349121,0.2711232900619507,0.0878559052944183,0.0722037702798843,0.0378781259059906,0.5303274393081665,0.0719809532165527
0.2469145953655243,0.0815992504358291,0.5422608852386475,0.1696724146604538,0.3989559412002563,0.4388536214828491,0.236831858754158,0.1812388896942138,0.0297400467097759,0.0826005041599273,0.011312237009406,0.2203644216060638,0.1207646504044532,0.1491807401180267,0.5590925216674805,0.0721687078475952,0.0368218570947647,0.1526477634906768,0.0197040326893329,0.0823407769203186,0.089253082871437,0.1872594058513641,0.1010985970497131,0.0552855283021926,0.051016554236412,0.2143616080284118,0.0357047468423843,0.2209153622388839,0.499501496553421,0.2363635897636413,0.2461330890655517,0.0707946643233299,0.0601278208196163,0.1078889966011047,0.0354552194476127,0.2728971838951111,0.0853183344006538,0.072900578379631,0.0364886149764061,0.5314012765884399,0.0707294940948486
0.2233671844005584,0.0970884263515472,0.5176897644996643,0.1651106476783752,0.4002707004547119,0.4167537093162536,0.2381290644407272,0.1701739281415939,0.0285511650145053,0.0823795348405838,0.0141318328678607,0.2134539186954498,0.110931321978569,0.1392332315444946,0.5476906299591064,0.0805080756545066,0.03794377297163,0.157918095588684,0.0211555361747741,0.0723661035299301,0.084872655570507,0.184882640838623,0.0863369330763816,0.0568992383778095,0.0578988082706928,0.2207607626914978,0.0462950356304645,0.2201546728610992,0.514753520488739,0.2036338299512863,0.2588891983032226,0.0518782585859298,0.0425493456423282,0.1104894578456878,0.0359539240598678,0.2619780302047729,0.0850004404783248,0.0705659836530685,0.0367614217102527,0.5357252359390259,0.0720895230770111
0.2247306108474731,0.0971351712942123,0.5161635875701904,0.1654149740934372,0.3988069295883178,0.415876030921936,0.2350978255271911,0.1699060201644897,0.0232558064162731,0.0823150500655174,0.0138070983812212,0.2138653099536895,0.1099813878536224,0.1392117291688919,0.549100935459137,0.0746996998786926,0.0378770194947719,0.1556389033794403,0.0209684893488883,0.0725510939955711,0.0853720605373382,0.1845436990261078,0.0872253477573394,0.056941695511341,0.0582077279686927,0.2201749831438064,0.0460339039564132,0.2191092073917389,0.5154439806938171,0.2038106024265289,0.2594236731529236,0.0518349558115005,0.0426873490214347,0.1109724789857864,0.0359183475375175,0.2615653276443481,0.0849791318178176,0.0814308822154998,0.0388742461800575,0.5354762077331543,0.0720629692077636
0.23307766020298,0.0999085903167724,0.5379313230514526,0.1718774437904358,0.3929499983787536,0.4108412265777588,0.2257903218269348,0.169048324227333,0.0298347473144531,0.0803924202919006,0.0121479369699954,0.22132608294487,0.1071848720312118,0.14223513007164,0.5588250160217285,0.0720842406153678,0.0372263044118881,0.1602715998888015,0.0198230445384979,0.0800262838602066,0.0810654759407043,0.1790772080421447,0.0888567641377449,0.0558918192982673,0.0572474934160709,0.2234292775392532,0.0373227149248123,0.217538833618164,0.5052919387817383,0.2064856439828872,0.2525455057621002,0.0713119506835937,0.0580676198005676,0.1060646921396255,0.0356509089469909,0.256917804479599,0.0875958055257797,0.0724776908755302,0.0378080271184444,0.5290989875793457,0.0718593001365661
0.2327955812215805,0.0996442660689354,0.5378300547599792,0.1714196652173996,0.3918549120426178,0.4073123633861542,0.2250141203403473,0.1681941896677017,0.0299705956131219,0.0798018872737884,0.0126398801803588,0.2212371230125427,0.106530912220478,0.1422910839319229,0.5577850341796875,0.0717732086777687,0.0371714122593402,0.1604492664337158,0.0198452975600957,0.0796577110886573,0.080748826265335,0.1786166578531265,0.0878460332751274,0.0562051236629486,0.0572089031338691,0.2231662571430206,0.0375822409987449,0.2179207503795623,0.5054145455360413,0.206809401512146,0.2527793347835541,0.0712511241436004,0.057850994169712,0.1065660715103149,0.0355331674218177,0.2578447759151459,0.0877277851104736,0.0722653120756149,0.0378066301345825,0.5298909544944763,0.0721082091331482
0.2357339113950729,0.1051184237003326,0.531033992767334,0.1743221580982208,0.3781858682632446,0.412293791770935,0.2172350883483886,0.1722643971443176,0.0232377965003252,0.0798579603433609,0.0123051172122359,0.2226544618606567,0.1114234775304794,0.1432029604911804,0.564286470413208,0.0704297423362732,0.0369740724563598,0.1610031276941299,0.0187473520636558,0.0874684005975723,0.086882583796978,0.1777148246765136,0.0905825346708297,0.0532004684209823,0.0565469302237033,0.2206770777702331,0.0362975895404815,0.2212406396865844,0.5095967054367065,0.2086943238973617,0.250369668006897,0.0720529705286026,0.0600747317075729,0.1053600013256073,0.0355452597141265,0.2477623224258422,0.0809778645634651,0.0832554399967193,0.0397168509662151,0.5365645885467529,0.0721541941165924
0.2385572791099548,0.0848406255245208,0.5374380350112915,0.1743883192539215,0.3837329149246216,0.4174959063529968,0.2175847142934799,0.1734467893838882,0.0229100175201892,0.0800695717334747,0.0121043566614389,0.2244423776865005,0.1127181202173233,0.1431294977664947,0.5675964951515198,0.0708237588405609,0.037005491554737,0.1596699357032776,0.0185602474957704,0.0898153185844421,0.0879793018102645,0.178909957408905,0.0921084582805633,0.0528222098946571,0.0542502701282501,0.2205519825220108,0.0351579189300537,0.2196036428213119,0.5096016526222229,0.2423661351203918,0.2547110617160797,0.0713354349136352,0.0593359358608722,0.1054316461086273,0.0357496701180934,0.245795801281929,0.080500029027462,0.0834597498178482,0.0397132709622383,0.5352655053138733,0.0712088495492935
0.2553871273994446,0.0935606956481933,0.5227078199386597,0.1701126098632812,0.4088244438171386,0.4423223733901977,0.2058285325765609,0.1857019364833831,0.023236446082592,0.0872586742043495,0.0108105968683958,0.2389320135116577,0.1381045579910278,0.1377574503421783,0.5774686932563782,0.0739551037549972,0.0370100364089012,0.1602853685617447,0.0181015692651271,0.1023303568363189,0.0963391661643982,0.1826536655426025,0.1007163524627685,0.0480040945112705,0.0504741966724395,0.2131436318159103,0.0290348064154386,0.2141828835010528,0.5028154253959656,0.2222314476966858,0.2501382827758789,0.0740377306938171,0.0602432340383529,0.1033189594745636,0.0375398024916648,0.2318238765001297,0.0793929621577262,0.0837390050292015,0.0369141027331352,0.5292664766311646,0.0698444172739982
0.2579532563686371,0.0937113016843795,0.5269037485122681,0.1703285872936248,0.4112984538078308,0.4438003003597259,0.2063084244728088,0.1860924512147903,0.0230630859732627,0.0877363532781601,0.0108879022300243,0.2398005872964859,0.1387281119823455,0.1378596425056457,0.5779327154159546,0.0738863795995712,0.0371517986059188,0.160562977194786,0.018062237650156,0.1027137339115142,0.097083181142807,0.1825146824121475,0.1005727797746658,0.0477895326912403,0.0499377772212028,0.2116263955831527,0.028598167002201,0.2133030146360397,0.5027545690536499,0.2218942046165466,0.2503639757633209,0.0736202746629715,0.0594890266656875,0.1024451926350593,0.0376425199210643,0.2291933447122573,0.0788800194859504,0.0837074667215347,0.0367621034383773,0.5287848114967346,0.0693843066692352
0.2648103833198547,0.1115318089723587,0.5436146259307861,0.1493958830833435,0.4110394716262817,0.4796225428581238,0.202917069196701,0.2031071931123733,0.0205421447753906,0.0865850895643234,0.0114271193742752,0.2330282926559448,0.1509129703044891,0.1272522509098053,0.6040458083152771,0.0779792815446853,0.0349355041980743,0.1492037624120712,0.0149581041187047,0.1163270398974418,0.1227137669920921,0.2013938724994659,0.1182207241654396,0.0419245846569538,0.05275634303689,0.210066020488739,0.0329365171492099,0.2145537734031677,0.4913275241851806,0.2367486953735351,0.2365497648715973,0.0714946687221527,0.0638746172189712,0.1092918962240219,0.0353409126400947,0.2404004633426666,0.0853588581085205,0.0837034285068512,0.035830870270729,0.5351835489273071,0.0733410939574241
0.2655377984046936,0.1116465330123901,0.5447422862052917,0.1501010805368423,0.4116259813308716,0.4808323383331299,0.2037712633609771,0.2041320353746414,0.0205922257155179,0.0866283774375915,0.0114649385213851,0.2328959256410598,0.1504071950912475,0.1273446083068847,0.6042572855949402,0.0780849680304527,0.0350439622998237,0.1492802500724792,0.0150051126256585,0.1159708499908447,0.1224088594317436,0.2024582922458648,0.1184734031558036,0.0418981611728668,0.0525063648819923,0.2104878723621368,0.0330732241272926,0.2146780341863632,0.4910628199577331,0.2373429834842682,0.2365462779998779,0.0715176910161972,0.0637226104736328,0.1088496148586273,0.0352369286119937,0.2418454438447952,0.0853478536009788,0.0836604088544845,0.0358128249645233,0.5349164009094238,0.0731800943613052
0.2876169383525848,0.1616716533899307,0.5770254135131836,0.1349487900733947,0.4424276947975158,0.4973029196262359,0.1884772926568985,0.2204526960849762,0.0189452432096004,0.0936700850725174,0.0088839055970311,0.2304453253746032,0.1516886204481125,0.1300015747547149,0.6175553798675537,0.0776356607675552,0.0336265563964843,0.138554111123085,0.0126414764672517,0.127698540687561,0.1265518814325332,0.2099698036909103,0.1319438815116882,0.0394887924194335,0.0490830391645431,0.1967990696430206,0.0255002286285161,0.207090139389038,0.4852771162986755,0.2562754154205322,0.2346540689468383,0.0687523856759071,0.062474213540554,0.1069855540990829,0.0341011062264442,0.2544843256473541,0.0882036909461021,0.0825663208961486,0.0348567478358745,0.5283756852149963,0.0660970509052276
0.2879549264907837,0.1615390330553054,0.575579822063446,0.1288717091083526,0.4415031671524048,0.4983038306236267,0.1886906027793884,0.2207917273044586,0.0188417099416255,0.0937643051147461,0.0088979052379727,0.2303524166345596,0.1516643166542053,0.1308039873838424,0.6170389652252197,0.0779177024960517,0.0336566679179668,0.1391634047031402,0.0126193538308143,0.1279813945293426,0.1268851459026336,0.2103830575942993,0.131949782371521,0.0394458547234535,0.0491100847721099,0.1974669396877288,0.025401571765542,0.2071332335472107,0.4873842597007751,0.2560139298439026,0.2356266975402832,0.068882018327713,0.0625391602516174,0.1067578122019767,0.0343238562345504,0.25379279255867,0.088242620229721,0.0829489603638649,0.0349721200764179,0.5282183885574341,0.0660935118794441
0.2751822471618652,0.1540722548961639,0.5977354049682617,0.112687312066555,0.4265876412391662,0.4705051183700561,0.2342165112495422,0.2182749807834625,0.0220376811921596,0.1031589582562446,0.0095274355262517,0.2090820968151092,0.1240206360816955,0.1185970529913902,0.6119222640991211,0.0758386850357055,0.0353050008416175,0.1358107328414917,0.0139562515541911,0.0962515771389007,0.1100365743041038,0.214372456073761,0.1407678127288818,0.0440647229552269,0.0459079109132289,0.1855382770299911,0.0415330901741981,0.2069942653179168,0.4874390661716461,0.2695216238498688,0.2517493069171905,0.0629786401987075,0.0621279403567314,0.1157497465610504,0.0327290557324886,0.262416273355484,0.0867815092206001,0.0800912082195282,0.0379064604640007,0.5093799829483032,0.0612794868648052
0.2746344208717346,0.1511871516704559,0.5974794626235962,0.1124361902475357,0.4238854050636291,0.4706417620182037,0.2356815189123153,0.2177086919546127,0.0220396220684051,0.1035518795251846,0.0096694845706224,0.2067192792892456,0.1160658150911331,0.1176741197705268,0.6050609350204468,0.0753984749317169,0.0351269990205764,0.1316293179988861,0.0139245260506868,0.0924861133098602,0.1088371202349662,0.2121016532182693,0.1382562965154647,0.043568130582571,0.0459811091423034,0.1825662553310394,0.0410939753055572,0.204660877585411,0.4821721911430359,0.2675508856773376,0.2493825256824493,0.062275692820549,0.0615603476762771,0.1160259619355201,0.032504491508007,0.2611369490623474,0.0863125026226043,0.0801417976617813,0.0378373228013515,0.5089641809463501,0.0616042762994766
0.3049964904785156,0.1616628170013427,0.6243189573287964,0.143023744225502,0.4219319820404053,0.4740414023399353,0.2141101658344268,0.2158562242984771,0.0238499604165554,0.0912430733442306,0.0100469794124364,0.2091104388236999,0.1217784509062767,0.115454263985157,0.6258214712142944,0.0757957622408866,0.0367823056876659,0.1295652985572815,0.0136099597439169,0.0942229181528091,0.1247570812702179,0.2218600362539291,0.1396107822656631,0.046894121915102,0.0496549010276794,0.193518579006195,0.0526438541710376,0.2045485973358154,0.4828686118125915,0.280608206987381,0.2546163499355316,0.0669785067439079,0.0664531141519546,0.1168024837970733,0.0339792519807815,0.2681809067726135,0.0923579111695289,0.0828985199332237,0.0411099940538406,0.5091513395309448,0.0618537627160549
0.3040612637996673,0.1610703021287918,0.6250234842300415,0.1422557085752487,0.4242531061172485,0.4743670523166656,0.21603924036026,0.2164494395256042,0.0239088833332061,0.0925283059477806,0.0100431451573967,0.2097396850585937,0.1218108311295509,0.1142792850732803,0.6276316046714783,0.0753211230039596,0.0367360673844814,0.1305092871189117,0.0135962404310703,0.0931557267904281,0.1231457814574241,0.2211889624595642,0.1374881267547607,0.0465196073055267,0.0501529872417449,0.1921698451042175,0.0530979521572589,0.204736977815628,0.4801370501518249,0.2802814841270447,0.253935307264328,0.0666888952255249,0.0663311406970024,0.1168675497174263,0.0337991155683994,0.2682324349880218,0.0926084145903587,0.0826690942049026,0.0409486442804336,0.5090138912200928,0.0617106333374977
0.3138478994369507,0.1702096611261367,0.6386489272117615,0.1372803151607513,0.4363094270229339,0.5003730058670044,0.2093553245067596,0.2239530980587005,0.0235470421612262,0.094771459698677,0.009518414735794,0.2107656896114349,0.1585208177566528,0.1208763122558593,0.646476686000824,0.0741298571228981,0.0364587381482124,0.132580429315567,0.0128702176734805,0.0962365865707397,0.1339188665151596,0.2277466058731079,0.1410544216632843,0.046550802886486,0.0476078167557716,0.1940967440605163,0.055113349109888,0.2057460397481918,0.4824681878089905,0.2833826541900635,0.2519286572933197,0.0677957832813263,0.0668421387672424,0.1123594939708709,0.0333211198449134,0.2761604189872741,0.0941475480794906,0.0824993923306465,0.0404367707669734,0.511332094669342,0.0617709383368492
0.3291720747947693,0.1459973156452179,0.6320726275444031,0.1284720599651336,0.4266949295997619,0.5171985626220703,0.2110872566699981,0.233421117067337,0.0227656625211238,0.0987785682082176,0.010277472436428,0.2123032808303833,0.1479442119598388,0.1209648326039314,0.6565654277801514,0.0741106197237968,0.0380843095481395,0.1324731409549713,0.0130757773295044,0.0932817310094833,0.1327227503061294,0.2277384102344513,0.1420399099588394,0.0479688271880149,0.0448238179087638,0.1951241046190261,0.0528860688209533,0.1977592557668686,0.4646649360656738,0.2634135484695434,0.2240322530269622,0.0688587725162506,0.0673639774322509,0.1116455942392349,0.0320418886840343,0.278877854347229,0.0930311828851699,0.0819234699010849,0.0387633964419364,0.5108518600463867,0.0621526986360549
0.3225658535957336,0.1768227219581604,0.6220831871032715,0.122318223118782,0.454711765050888,0.5071417093276978,0.2011501789093017,0.2406342178583145,0.0211331844329834,0.0908608958125114,0.0084329238161444,0.2276325076818466,0.1437242031097412,0.114745482802391,0.6293063163757324,0.0697160363197326,0.0323120132088661,0.1388458311557769,0.009550517424941,0.1252529472112655,0.129039391875267,0.2280864715576172,0.147956371307373,0.0379614159464836,0.0393681675195694,0.1847806870937347,0.0384282320737838,0.2002473026514053,0.4647839963436126,0.2722443640232086,0.2492626905441284,0.0637059211730957,0.0609156005084514,0.1045314371585846,0.0341676622629165,0.2482636868953704,0.0879897251725196,0.0831127911806106,0.0383266806602478,0.5023152232170105,0.0539674535393714
0.3219793736934662,0.1762594878673553,0.6220911741256714,0.1223197281360626,0.4536859691143036,0.5059541463851929,0.2015819549560547,0.2400161623954773,0.0211074110120534,0.0906380712985992,0.0084947245195508,0.2270001769065857,0.1424849331378936,0.1151094436645507,0.6280423402786255,0.0697134956717491,0.0323866233229637,0.1386947780847549,0.0096378717571496,0.1244808882474899,0.1285097599029541,0.2277341783046722,0.1473316550254821,0.0380843989551067,0.0394097194075584,0.1849633306264877,0.038780927658081,0.2005749344825744,0.4652992486953735,0.2721998393535614,0.249515101313591,0.063724547624588,0.0609223842620849,0.1046889126300811,0.0341543219983577,0.2485077977180481,0.0879847705364227,0.0830415859818458,0.0383462980389595,0.5021277070045471,0.0540391542017459
0.3056473731994629,0.1664553582668304,0.62989342212677,0.1312327980995178,0.438344657421112,0.5039878487586975,0.2171619832515716,0.2286491990089416,0.0219927355647087,0.0961847975850105,0.0123341605067253,0.2160808742046356,0.1406788975000381,0.1081720367074012,0.6425508856773376,0.0733928978443145,0.0348426960408687,0.1422840654850006,0.0125489495694637,0.0990858748555183,0.1259655356407165,0.2234207540750503,0.1456679701805114,0.0444647222757339,0.0458183586597442,0.1916877180337906,0.051781840622425,0.2067988067865371,0.471878707408905,0.2750208973884582,0.2450957596302032,0.0644931644201278,0.0619811974465847,0.1098663881421089,0.0321020446717739,0.2725098133087158,0.0918811708688736,0.0804992765188217,0.0377209708094596,0.5183247327804565,0.0625850260257721
0.3079782128334045,0.1671098619699478,0.6294075846672058,0.1342585831880569,0.432113766670227,0.4998818337917328,0.2166260778903961,0.2253369987010955,0.0217727310955524,0.0940180271863937,0.0122717674821615,0.2137384563684463,0.1371791362762451,0.1079587787389755,0.6387144327163696,0.0736769586801529,0.0353567376732826,0.1338598430156707,0.0124184843152761,0.0985008478164672,0.1264578104019165,0.2222619205713272,0.1436733603477478,0.0429832339286804,0.0442735999822616,0.1942048668861389,0.052472423762083,0.2063269913196563,0.4694955050945282,0.2751183211803436,0.2435071468353271,0.0643819645047187,0.0622128769755363,0.1093581095337867,0.0321603007614612,0.2750633656978607,0.0929308086633682,0.0804799795150756,0.0377636775374412,0.5190209150314331,0.0627635866403579
0.2987959682941437,0.1627987027168274,0.6195570230484009,0.1311717927455902,0.4247651994228363,0.482251763343811,0.2212971001863479,0.2237889319658279,0.0220264941453933,0.0943604931235313,0.0131349824368953,0.2097035199403762,0.1239056512713432,0.1199853271245956,0.6245334148406982,0.0734456330537796,0.0321445316076278,0.1364252567291259,0.0131137836724519,0.0961511805653572,0.1188339442014694,0.2217274010181427,0.1419343650341034,0.0470549911260604,0.047402199357748,0.193596214056015,0.0552965402603149,0.2081832289695739,0.4787988364696502,0.275128960609436,0.2469997704029083,0.0657578855752945,0.0642308741807937,0.1133098974823951,0.0321184396743774,0.2739678919315338,0.0925588905811309,0.0808939859271049,0.0384792312979698,0.5173084735870361,0.0632821023464202
0.311482310295105,0.1675685048103332,0.6200089454650879,0.1228018552064895,0.4457041025161743,0.5011965036392212,0.2100048065185547,0.2336969971656799,0.0209315866231918,0.0883418470621109,0.0091844238340854,0.2256218492984771,0.1306043267250061,0.117767110466957,0.6190818548202515,0.0699452906847,0.0339961424469947,0.1427614837884903,0.0111794713884592,0.1154967322945594,0.1255112290382385,0.2247022986412048,0.1450002491474151,0.0413692593574523,0.0423281267285347,0.1881426572799682,0.0434172749519348,0.2064451575279235,0.4667836725711822,0.2710749208927154,0.2459238469600677,0.0639107897877693,0.060315765440464,0.1090950220823288,0.034176081418991,0.2541106343269348,0.088875725865364,0.0824379175901413,0.0384209342300891,0.5034738779067993,0.0560713596642017
0.3182988166809082,0.1360888183116912,0.6285433769226074,0.1449880450963974,0.4214079976081848,0.5005246996879578,0.225334495306015,0.223246082663536,0.0229828041046857,0.0921518579125404,0.0128188040107488,0.2044016420841217,0.1226653754711151,0.1274570524692535,0.6340171694755554,0.0755689293146133,0.0385834574699401,0.1338807642459869,0.0148669350892305,0.0860796868801117,0.0903047919273376,0.2197622805833816,0.1384866684675216,0.0538074970245361,0.0517607145011425,0.1995325088500976,0.0576958991587162,0.2021030485630035,0.4869055449962616,0.2663031220436096,0.2406340688467025,0.0713646113872528,0.0681775137782096,0.1187119930982589,0.0322780609130859,0.2863933145999908,0.0955739766359329,0.0835014209151268,0.0399551056325435,0.5139361023902893,0.0637899041175842
0.3198134899139404,0.1355877965688705,0.6291518211364746,0.1440882980823516,0.4212176203727722,0.4993900656700134,0.2263624221086502,0.2235094010829925,0.0228340569883584,0.0923452824354171,0.0129111791029572,0.2043529748916626,0.1200046986341476,0.1269381940364837,0.6317585706710815,0.0753712952136993,0.0386071279644966,0.1324289590120315,0.0148378312587738,0.084457941353321,0.0900220274925232,0.2196074575185775,0.1391458213329315,0.0541764497756958,0.0512241944670677,0.1975468397140503,0.0578122176229953,0.2006927877664566,0.4813481867313385,0.2659345269203186,0.2380756139755249,0.0710300505161285,0.0678257942199707,0.1181077733635902,0.0318564251065254,0.2860487103462219,0.0954292342066764,0.0829218402504921,0.0397717207670211,0.5125840306282043,0.0633229315280914
0.3153106570243835,0.1791007220745086,0.6408635973930359,0.1456546485424041,0.4214122891426086,0.4895674288272857,0.2160985618829727,0.2170987427234649,0.0231316555291414,0.0875544697046279,0.013677854090929,0.2129436135292053,0.1139130517840385,0.1262428015470504,0.6302914619445801,0.0764016807079315,0.0382482521235942,0.131535142660141,0.0145616121590137,0.0857382044196128,0.0930932164192199,0.2189192324876785,0.1330142468214035,0.0548123940825462,0.0541815236210823,0.2022812664508819,0.0582836754620075,0.2043339759111404,0.489987850189209,0.2866144776344299,0.2612782120704651,0.0703677535057067,0.0670112296938896,0.1195259392261505,0.032609075307846,0.2843394875526428,0.0976247191429138,0.0833595395088195,0.0417327992618083,0.4474267959594726,0.0656208395957946
0.2934416234493255,0.165283977985382,0.6127519607543945,0.12254399061203,0.4284448027610779,0.4775846302509308,0.2242073714733123,0.2199209332466125,0.0217882730066776,0.0947002544999122,0.0097352936863899,0.2110264599323272,0.1212222054600715,0.124559186398983,0.6030516028404236,0.0753523111343383,0.0354465320706367,0.1441996693611145,0.013259807601571,0.0999201312661171,0.1195883899927139,0.2194725275039672,0.1406143456697464,0.045620173215866,0.0473957061767578,0.198398932814598,0.035120703279972,0.2053364664316177,0.4812259674072265,0.2723977267742157,0.2523747682571411,0.0644990056753158,0.0609579645097255,0.108653537929058,0.0317312069237232,0.2674233317375183,0.0895370915532112,0.0806807726621627,0.0388453304767608,0.5097097754478455,0.0592618659138679
0.3153406381607055,0.1817691028118133,0.6502059698104858,0.1483933478593826,0.4236347079277038,0.491483211517334,0.2164244651794433,0.2184503972530365,0.0228189602494239,0.0852763056755065,0.0129495579749345,0.2112995386123657,0.1126027405261993,0.1259864121675491,0.6293432712554932,0.0760363340377807,0.0377460941672325,0.1312278658151626,0.0137865338474512,0.088297501206398,0.12851083278656,0.2210026234388351,0.1344810128211975,0.0554797574877738,0.052122987806797,0.2014673501253128,0.0589914470911026,0.2048564255237579,0.4902112185955047,0.2864145040512085,0.2565394639968872,0.0671682730317115,0.0640120506286621,0.1160537153482437,0.0325135961174964,0.2895461320877075,0.0988234803080558,0.0819693952798843,0.0402930900454521,0.4458001255989074,0.0643761530518531
0.3151665031909942,0.1814733147621154,0.6499733924865723,0.1496559381484985,0.423062264919281,0.4893416166305542,0.217365026473999,0.2172723263502121,0.0231522507965564,0.0850820392370224,0.0132824899628758,0.2095618247985839,0.1110874488949775,0.126290738582611,0.6260864734649658,0.0756186246871948,0.0379302836954593,0.1311118006706237,0.0140147283673286,0.0862394869327545,0.1268610060214996,0.2214082479476928,0.1335767954587936,0.0563454367220401,0.052899494767189,0.2023137807846069,0.0600381232798099,0.205763965845108,0.4909262061119079,0.2864517569541931,0.2568566799163818,0.0674808621406555,0.0641686022281646,0.1158623620867729,0.0323999635875225,0.2908906936645508,0.0990648418664932,0.0819987207651138,0.0405799373984336,0.4462566673755646,0.0644466951489448
0.2970719635486603,0.1659019440412521,0.6277343034744263,0.1443254053592682,0.4159896671772003,0.4755384922027588,0.2225208878517151,0.2151259332895279,0.0236912481486797,0.094026893377304,0.0122862504795193,0.215063214302063,0.1169312447309494,0.1224006339907646,0.6237637996673584,0.0750325843691825,0.0343466103076934,0.131245881319046,0.0143792144954204,0.0863610431551933,0.1195084527134895,0.219875305891037,0.1324307173490524,0.0503047853708267,0.0507886298000812,0.1997764110565185,0.0574968568980693,0.2084467709064483,0.4761963784694671,0.2788046598434448,0.2407929301261901,0.0679875090718269,0.0645740181207656,0.1124044582247734,0.0320786945521831,0.2808478772640228,0.0939461216330528,0.0804027915000915,0.0391073115170002,0.4441771507263183,0.063704177737236
0.3200281858444214,0.1734026372432708,0.631739616394043,0.1360208392143249,0.4373510777950287,0.5067888498306274,0.2071746885776519,0.2272589802742004,0.0227482113987207,0.098583772778511,0.0112104211002588,0.2149702608585357,0.1480918228626251,0.118683286011219,0.6577097177505493,0.0754686594009399,0.0376811847090721,0.1380786597728729,0.0133138000965118,0.0953600108623504,0.1276084780693054,0.216000348329544,0.1329260170459747,0.04712825268507,0.0515449382364749,0.1977981030941009,0.0525483414530754,0.2047415673732757,0.4758887887001037,0.2774970531463623,0.2423068284988403,0.0682951956987381,0.0648245364427566,0.1002570316195488,0.0320466347038745,0.2752036452293396,0.0941033810377121,0.0801453441381454,0.0372595787048339,0.5193698406219482,0.064226895570755
0.2960785329341888,0.1293475329875946,0.622673749923706,0.1297294050455093,0.4264876544475555,0.4823207259178161,0.2316602021455764,0.2243917882442474,0.0237977989017963,0.1004886031150817,0.0110678318887948,0.2044939994812011,0.1195897385478019,0.1207513436675071,0.6196228265762329,0.0747705250978469,0.0350813455879688,0.1287586688995361,0.0140123032033443,0.0853694081306457,0.1184242069721221,0.222528263926506,0.1345600038766861,0.0453613996505737,0.0484493449330329,0.1940028667449951,0.0536316037178039,0.2014045715332031,0.466985672712326,0.2547235488891601,0.2187644839286804,0.0651959776878357,0.0635152831673622,0.1078441441059112,0.0315025150775909,0.2752906084060669,0.0912243127822876,0.079178363084793,0.0379068590700626,0.5081869959831238,0.0622491911053657
0.3093964457511902,0.127080038189888,0.6262750625610352,0.1304907351732254,0.4359316229820251,0.503686249256134,0.2192434817552566,0.2276721149682998,0.0232644043862819,0.0991642028093338,0.0114471241831779,0.2085885554552078,0.1387502551078796,0.120894469320774,0.6364033222198486,0.0751692503690719,0.037653312087059,0.1367023140192031,0.0140186557546257,0.0849373489618301,0.1185205280780792,0.2190060913562774,0.1308750659227371,0.0478071011602878,0.0522123053669929,0.1953945755958557,0.0560929253697395,0.2056737542152404,0.4876732230186462,0.2521500587463379,0.2297413796186447,0.0687216445803642,0.0663716942071914,0.1030434221029281,0.0317094549536705,0.2745180130004883,0.0945024564862251,0.0804637670516967,0.0366987623274326,0.5225237011909485,0.0645747929811477
0.3070081174373626,0.1707167774438858,0.5896694660186768,0.1348491907119751,0.4455850720405578,0.5020607709884644,0.2056419849395752,0.237062931060791,0.020557127892971,0.0927213132381439,0.0097275599837303,0.2231874465942382,0.1357475817203521,0.1183672845363617,0.6049016714096069,0.0718932524323463,0.0352322645485401,0.1535069644451141,0.0121050551533699,0.1095759570598602,0.1222559139132499,0.2210397124290466,0.1376204788684845,0.0425152033567428,0.0495191439986228,0.1980893313884735,0.0401100739836692,0.1988515555858612,0.4761309027671814,0.2677081823348999,0.2491460293531417,0.0689542740583419,0.0651072710752487,0.104667529463768,0.0323941633105278,0.257030725479126,0.0902806520462036,0.0841042846441268,0.0388763844966888,0.512832522392273,0.063205286860466
0.3089317083358764,0.1706205755472183,0.5879966616630554,0.1350757181644439,0.4428973197937011,0.5030944347381592,0.2052850723266601,0.2370189726352691,0.0207037758082151,0.0927340984344482,0.0099340509623289,0.2242433130741119,0.1351801007986068,0.1189135164022445,0.6053755283355713,0.0719661563634872,0.035392940044403,0.1544063836336136,0.0123676508665084,0.1087757050991058,0.1211340501904487,0.2231081128120422,0.1379152834415435,0.0422937795519828,0.0494273081421852,0.198101669549942,0.0407335348427295,0.1992235481739044,0.4719643592834472,0.2672214210033417,0.2465405315160751,0.0693553015589714,0.0657735988497734,0.1054598465561866,0.0326248556375503,0.2583633661270141,0.0909286737442016,0.0840872675180435,0.038965418934822,0.5129597783088684,0.0641718059778213
0.2951886355876922,0.1637717634439468,0.5938053727149963,0.1339455395936966,0.4450499415397644,0.5099725723266602,0.2093497067689895,0.2334162294864654,0.0203725006431341,0.1085631698369979,0.0138573264703154,0.2195474952459335,0.1427896916866302,0.1219991594552993,0.6293442249298096,0.0769258439540863,0.0369540229439735,0.1529611051082611,0.0146149285137653,0.0968109369277954,0.1091497391462326,0.2190707325935363,0.1312545239925384,0.0463164746761322,0.0521239973604679,0.1939737796783447,0.0335803888738155,0.20335054397583,0.477677047252655,0.2675639390945434,0.2442711591720581,0.0702325254678726,0.0668461546301841,0.1100707575678825,0.0310278385877609,0.2655651569366455,0.0908323153853416,0.0808159336447715,0.0368945263326168,0.5223461985588074,0.0681041181087493
0.295358657836914,0.1631840765476226,0.5937985181808472,0.1343170702457428,0.4456987380981445,0.5087486505508423,0.2089679092168808,0.2333564162254333,0.0204289518296718,0.1078684777021408,0.0139657249674201,0.2195049971342086,0.1433552503585815,0.1224656850099563,0.6288039684295654,0.0770828574895858,0.0370579585433006,0.154026374220848,0.0146516934037208,0.0968291610479354,0.1092564836144447,0.219102993607521,0.1311606913805008,0.0464927926659584,0.0524132624268531,0.1944828778505325,0.033688448369503,0.2037692964076995,0.4804428815841675,0.2670333385467529,0.2468320727348327,0.0704911649227142,0.067055344581604,0.1103235408663749,0.0310345403850078,0.2654931545257568,0.0910833179950714,0.0810462534427642,0.0370428636670112,0.5222389698028564,0.0680848658084869
0.2552588284015655,0.1101447343826294,0.5696808099746704,0.1535194218158722,0.4281635284423828,0.4394611120223999,0.2425989359617233,0.1925418674945831,0.0320448875427246,0.0861256122589111,0.0130537925288081,0.2275009155273437,0.1185681745409965,0.125787615776062,0.5650161504745483,0.0729835629463195,0.0351708903908729,0.1549006551504135,0.019685311242938,0.0751779749989509,0.0956238359212875,0.1972424238920211,0.10181575268507,0.0483804494142532,0.0458774454891681,0.2065664529800415,0.0342145413160324,0.2182258367538452,0.4797127246856689,0.2051608264446258,0.2469097971916198,0.0486174449324607,0.0375530794262886,0.1034533828496933,0.0313230827450752,0.255395770072937,0.0872867703437805,0.0670731291174888,0.038780927658081,0.510596513748169,0.0651773065328598
0.2526968419551849,0.1083671897649765,0.5708478689193726,0.1524809598922729,0.4287337064743042,0.4385271370410919,0.2455859035253524,0.1916852295398712,0.0324307605624198,0.086126796901226,0.0138906128704547,0.2264769524335861,0.1162723153829574,0.1262406259775161,0.5624822378158569,0.0727715343236923,0.0353643298149108,0.1555702984333038,0.0200482252985239,0.0727996379137039,0.0943729877471923,0.1981636881828308,0.0997043251991272,0.0490387082099914,0.0465438812971115,0.2067536413669586,0.0353421755135059,0.2186504453420639,0.4822043180465698,0.2054115980863571,0.2492038905620575,0.0487985722720623,0.0376761555671691,0.1038835570216178,0.0311535876244306,0.2563828825950622,0.0872786939144134,0.0669632852077484,0.0388793833553791,0.511542797088623,0.0653304308652877
0.2625427842140198,0.1439234614372253,0.6002314686775208,0.1554666459560394,0.4284254908561706,0.4506719708442688,0.2049597799777984,0.1968370527029037,0.0268853716552257,0.0850666612386703,0.0152647625654935,0.2181925773620605,0.1132623255252838,0.1247414499521255,0.595421552658081,0.0745794922113418,0.0341744944453239,0.1435774862766266,0.0148694012314081,0.0905826389789581,0.1208721995353698,0.1986201256513595,0.1025585681200027,0.0491584539413452,0.046235516667366,0.210107609629631,0.0393200628459453,0.2225852310657501,0.5050702095031738,0.2632590532302856,0.2546413540840149,0.0697327107191085,0.058639146387577,0.1176733970642089,0.0322242453694343,0.2552549242973327,0.0916570872068405,0.0696526169776916,0.0367540568113327,0.5212641954421997,0.0657618194818496
0.2632093429565429,0.143902376294136,0.6009517908096313,0.1552129387855529,0.4291133880615234,0.4513114094734192,0.2048569768667221,0.1972134262323379,0.0267000291496515,0.0851138830184936,0.0151479551568627,0.2183441817760467,0.1136386916041374,0.124646708369255,0.5960308313369751,0.0746758878231048,0.0340488404035568,0.1428185701370239,0.0148039497435092,0.0911886245012283,0.1213957592844963,0.1990065276622772,0.103122778236866,0.0489147081971168,0.045980405062437,0.2093285769224167,0.0390175059437751,0.222428560256958,0.5049406290054321,0.2632136940956116,0.2543355524539947,0.0695981979370117,0.0584930554032325,0.1178226172924041,0.0322786793112754,0.2552031278610229,0.0915926545858383,0.0695686489343643,0.0367084257304668,0.5212389230728149,0.0657084882259368
0.2298315316438675,0.0823301076889038,0.5799170136451721,0.1487209945917129,0.4233646094799042,0.4307478964328766,0.2345779836177826,0.1822594106197357,0.0305913351476192,0.0831437408924102,0.0218126326799392,0.2110974490642547,0.1199031174182891,0.1355582028627395,0.5563123822212219,0.0772383213043212,0.0341916158795356,0.1563006341457367,0.0188502222299575,0.0782512575387954,0.0962122529745101,0.2001611590385437,0.0944297462701797,0.0529107935726642,0.0428610146045684,0.2170199304819107,0.0460402704775333,0.2317555099725723,0.5082031488418579,0.246748074889183,0.2575577199459076,0.0712633281946182,0.0583663880825042,0.116629920899868,0.0331560298800468,0.2549893260002136,0.0882949531078338,0.0702004879713058,0.0362674295902252,0.5314575433731079,0.0676065981388092
0.231134608387947,0.0828891471028328,0.5788400769233704,0.1507416814565658,0.4187493622303009,0.4274915754795074,0.2306935787200927,0.1814708113670349,0.0306596420705318,0.0828023701906204,0.0214225742965936,0.2111948728561401,0.1167739480733871,0.1359535008668899,0.5536278486251831,0.0713710412383079,0.0340473465621471,0.1544831097126007,0.0185236781835556,0.0785858184099197,0.0955672785639762,0.2003487348556518,0.0944255143404007,0.0523867011070251,0.0429180525243282,0.2184946238994598,0.0458164140582084,0.2307984232902526,0.5051157474517822,0.2477196455001831,0.2565134167671203,0.0710657238960266,0.0586879514157772,0.1160321459174156,0.0330107733607292,0.2549208402633667,0.0884590744972229,0.0703142881393432,0.0362349785864353,0.5312111973762512,0.0682684704661369
0.253040075302124,0.1226014196872711,0.5434404611587524,0.1618194282054901,0.4206921458244324,0.4262780547142029,0.217671126127243,0.1968299746513366,0.022227169945836,0.09207284450531,0.0204143375158309,0.2139546573162078,0.1302739679813385,0.1315653324127197,0.5578894019126892,0.0706930756568908,0.0359254591166973,0.1571438461542129,0.0185546316206455,0.0755816176533699,0.0809061154723167,0.1898464858531952,0.0913391858339309,0.050471756607294,0.0375764705240726,0.2072799801826477,0.0494141951203346,0.2247446477413177,0.49535071849823,0.2121612131595611,0.2457224577665329,0.0496262200176715,0.036556676030159,0.1012945100665092,0.0312757492065429,0.249766856431961,0.0820666700601577,0.0756333023309707,0.0349417328834533,0.5314230918884277,0.0686613470315933
0.2541567087173462,0.1227874532341957,0.5432256460189819,0.1619960367679596,0.4203754961490631,0.4261818528175354,0.2160749435424804,0.1965919286012649,0.0221360176801681,0.0918666124343872,0.0204177293926477,0.2140730321407318,0.1303275525569915,0.1314420402050018,0.5592038631439209,0.0708018615841865,0.0358901843428611,0.1573351919651031,0.0185360610485076,0.0761536657810211,0.080779880285263,0.1898561120033264,0.091465339064598,0.0505259409546852,0.0375158302485942,0.2080191224813461,0.049409594386816,0.2250844091176986,0.4966118335723877,0.2124444544315338,0.2463858425617218,0.049727339297533,0.0365766063332557,0.1014846712350845,0.0313092917203903,0.249536246061325,0.0820090249180793,0.0756181925535202,0.0349269807338714,0.5318285226821899,0.0686980336904525
0.2571408152580261,0.1038638800382614,0.5546718835830688,0.1383570432662964,0.4488857388496399,0.4691015779972076,0.2367546707391739,0.2121778577566146,0.0301533173769712,0.0957502648234367,0.0098831681534647,0.2221521735191345,0.1263995915651321,0.128468245267868,0.5525723695755005,0.0778975710272789,0.0345962345600128,0.1643951833248138,0.0187963843345642,0.0916181504726409,0.0887853652238845,0.225924015045166,0.1088588312268257,0.044977381825447,0.0420343093574047,0.2020485997200012,0.0383355394005775,0.2207384705543518,0.4766380786895752,0.2437831759452819,0.2473786771297454,0.0704507157206535,0.0622408837080001,0.1047519743442535,0.0320300236344337,0.2465564310550689,0.0837714150547981,0.069893904030323,0.0368596389889717,0.5117233991622925,0.0638234168291091
0.2569391131401062,0.1030853018164634,0.5565396547317505,0.1390874981880188,0.4470705389976501,0.4667099118232727,0.2365949749946594,0.2107493579387664,0.0301298052072525,0.0951994583010673,0.0099923107773065,0.2217817902565002,0.1237284392118454,0.1289218366146087,0.551323413848877,0.0776813477277755,0.0346420742571353,0.1643984615802765,0.0187325589358806,0.0909441709518432,0.0888263434171676,0.2252977192401886,0.1077115759253501,0.0450657308101654,0.0424266681075096,0.2025072276592254,0.0386888645589351,0.221407875418663,0.4752786457538605,0.2440783083438873,0.2464239746332168,0.0702320411801338,0.0619452446699142,0.1045108139514923,0.0320504419505596,0.2468355000019073,0.0838499143719673,0.0697721987962722,0.0369112268090248,0.5122275352478027,0.0643040984869003
0.2628907561302185,0.1166916713118553,0.5311667323112488,0.134608581662178,0.4710570573806762,0.4754978120326996,0.2275478690862655,0.2215826958417892,0.0292570106685161,0.103671409189701,0.0134391644969582,0.2243261039257049,0.1594311594963073,0.1212457194924354,0.5859857797622681,0.0795502066612243,0.0345987007021904,0.1687242090702057,0.0213861688971519,0.0979315713047981,0.091049812734127,0.2067978531122207,0.1081756651401519,0.0469394102692604,0.0369654931128025,0.1999695897102356,0.0433957800269126,0.2141983807086944,0.4886188209056854,0.2403984665870666,0.256001204252243,0.068622276186943,0.0572933852672576,0.1046464964747428,0.0324752442538738,0.2444315105676651,0.0807515829801559,0.0646197199821472,0.036378901451826,0.5196402072906494,0.0667987912893295
0.2634443938732147,0.1169675663113594,0.5313540697097778,0.1348046660423278,0.4709639549255371,0.4751883745193481,0.2276742905378341,0.2217304408550262,0.0292917862534523,0.1037303581833839,0.0135250026360154,0.2242187261581421,0.159111350774765,0.1211323589086532,0.5856319069862366,0.0794500485062599,0.0346423499286174,0.1685855835676193,0.021426536142826,0.0974109545350074,0.0909236967563629,0.2069514542818069,0.1079481169581413,0.0469719171524047,0.0368713811039924,0.1998781859874725,0.043631624430418,0.2140962779521942,0.4877896904945373,0.2407561242580413,0.2557689547538757,0.0686933249235153,0.0572324767708778,0.1042737364768982,0.0324174314737319,0.2446581572294235,0.0806799009442329,0.0646156221628189,0.0364448353648185,0.5194107294082642,0.0668100044131279
0.2620242834091186,0.145292043685913,0.5689117908477783,0.1461520791053772,0.4472351968288421,0.4511390924453735,0.2235534191131591,0.2041437029838562,0.0301569271832704,0.0967131704092025,0.0149860428646206,0.2272995710372924,0.1068497002124786,0.1381587982177734,0.5546471476554871,0.0739130973815918,0.0356408879160881,0.1677833497524261,0.0182083938270807,0.065765842795372,0.0925340354442596,0.2122689634561538,0.1026234030723571,0.0465841069817543,0.0412211790680885,0.2041013985872268,0.0500871390104293,0.2239013016223907,0.4937503337860107,0.2623439133167267,0.2562825679779053,0.0503206178545951,0.0402072146534919,0.1061479225754737,0.0338400490581989,0.247553065419197,0.0879692658782005,0.0712626725435257,0.0395638197660446,0.5038400888442993,0.0634490102529525
0.2614839375019073,0.1454019844532013,0.5684510469436646,0.1466214507818222,0.445834219455719,0.4513229131698608,0.2230562269687652,0.2036057561635971,0.0302764661610126,0.0964705049991607,0.0149507252499461,0.2272498607635498,0.1073353216052055,0.138434499502182,0.5534411668777466,0.0741721540689468,0.035497672855854,0.1682709753513336,0.0182022750377655,0.0659803673624992,0.0922059565782547,0.2122173607349395,0.102555364370346,0.0470066107809543,0.0414396151900291,0.2047821283340454,0.0504036769270896,0.2252480536699295,0.4926834106445312,0.2627348005771637,0.2552977800369262,0.0501795187592506,0.0403544604778289,0.1064615547657013,0.0338055230677127,0.2494333237409591,0.0879527181386947,0.0712969005107879,0.0395375713706016,0.5032618045806885,0.0633550435304641
0.2809868454933166,0.1611784696578979,0.6145309209823608,0.1245333924889564,0.4982881546020508,0.475529670715332,0.2103096693754196,0.218600183725357,0.02722061984241,0.1090267971158027,0.0134229147806763,0.2264381945133209,0.1614205092191696,0.1248466074466705,0.612385094165802,0.0833444073796272,0.0346847213804721,0.1569724977016449,0.0162023231387138,0.1071062088012695,0.0989227890968322,0.2116938382387161,0.1149325147271156,0.0457692593336105,0.0409292019903659,0.1934443414211273,0.0408965349197387,0.2185649573802948,0.5123411417007446,0.2663484215736389,0.2757152616977691,0.0698415711522102,0.0609112754464149,0.1160791367292404,0.034716747701168,0.2617544531822204,0.091118186712265,0.0714537799358367,0.0381086878478527,0.5108183026313782,0.0613576509058475
0.28194659948349,0.1622509062290191,0.614371120929718,0.1250948011875152,0.4987485408782959,0.4773934781551361,0.2103131711483001,0.2190835028886795,0.0270435642451047,0.1097247600555419,0.0130773950368165,0.2268238365650177,0.1637317091226577,0.124186523258686,0.6140953898429871,0.0830749422311782,0.0346092879772186,0.1569213569164276,0.0161536522209644,0.1075798943638801,0.0993315055966377,0.21200492978096,0.1156615540385246,0.0453760549426078,0.0405735522508621,0.1926354765892028,0.0403728000819683,0.2185187041759491,0.5094919204711914,0.2665817141532898,0.2738112807273865,0.0695499181747436,0.0607543438673019,0.1153084933757782,0.0347280800342559,0.2612373828887939,0.0907300114631652,0.0712566599249839,0.0380777344107627,0.5089324712753296,0.0608494877815246
0.2467449307441711,0.1485929787158966,0.5807708501815796,0.1237602978944778,0.4802646934986114,0.4463021159172058,0.2069964408874511,0.2027833759784698,0.0215582828968763,0.1114654690027237,0.0143003836274147,0.2082577049732208,0.1283372044563293,0.1362844407558441,0.5816863775253296,0.0790887773036956,0.0344095826148986,0.15672068297863,0.0181086137890815,0.0889068990945816,0.0902426168322563,0.2216129899024963,0.1069914102554321,0.0521413311362266,0.0558285824954509,0.2046504616737365,0.0440057255327701,0.2210934311151504,0.5125089287757874,0.2730975747108459,0.2741684913635254,0.0494311302900314,0.0450893118977546,0.1207323670387268,0.0354803875088691,0.245050311088562,0.0876544117927551,0.0819217711687088,0.0397750809788703,0.5131853222846985,0.0604659728705883
0.283459722995758,0.1590501815080642,0.6140257716178894,0.1251794248819351,0.4850677847862243,0.4820824265480041,0.2057016938924789,0.2175164669752121,0.027304321527481,0.1097265034914016,0.0130964880809187,0.2231357395648956,0.16241455078125,0.1317073702812194,0.6149696111679077,0.0808517709374427,0.0343525856733322,0.1619371175765991,0.0156698003411293,0.1042793095111846,0.1043327078223228,0.2198101580142974,0.1224143132567405,0.0480158701539039,0.046654999256134,0.1997023522853851,0.0397268235683441,0.2177560776472091,0.5037824511528015,0.2707359790802002,0.2689184248447418,0.0702850669622421,0.0643698200583458,0.1211977824568748,0.0358393006026744,0.2581706643104553,0.0905075371265411,0.0734371468424797,0.0400005206465721,0.5190889835357666,0.0636106580495834
0.26793172955513,0.121129423379898,0.5806936025619507,0.1362741887569427,0.4909062385559082,0.4489444196224212,0.2186728417873382,0.2219114303588867,0.0320137590169906,0.1031117886304855,0.0112548470497131,0.2153938710689544,0.1216943711042404,0.119180753827095,0.5699528455734253,0.0715386196970939,0.0335436537861824,0.1498539596796035,0.0166355818510055,0.0839920341968536,0.0865745097398758,0.2257474362850189,0.1147491782903671,0.0451325178146362,0.0418668016791343,0.188227504491806,0.0467101484537124,0.2154084742069244,0.4955944716930389,0.2173860669136047,0.271587073802948,0.046533465385437,0.0411823987960815,0.1061277315020561,0.0319260098040103,0.2582745850086212,0.0878947675228118,0.067586526274681,0.0378148630261421,0.4969283938407898,0.0558735616505146
0.2709972858428955,0.1510721445083618,0.5973390340805054,0.1245854571461677,0.4575295746326446,0.4603375196456909,0.205894261598587,0.2121052145957946,0.0212667826563119,0.1041775643825531,0.0127217499539256,0.2081016302108764,0.1362208724021911,0.1302741318941116,0.5968732833862305,0.0706236213445663,0.0342113003134727,0.1437622904777526,0.0160137098282575,0.0711770877242088,0.1063606813549995,0.2187125533819198,0.1176603361964225,0.049203373491764,0.0501365587115287,0.1970751881599426,0.0429924763739109,0.2225512862205505,0.5069497227668762,0.278869092464447,0.2690444588661194,0.0691361129283905,0.0643891990184784,0.1174327805638313,0.0332457274198532,0.2540630996227264,0.0898448377847671,0.0785272568464279,0.0375320389866828,0.5076850652694702,0.056426428258419
0.2538866400718689,0.1385063529014587,0.5872161984443665,0.150372713804245,0.4465467929840088,0.4403181672096252,0.2279503792524337,0.1889383196830749,0.0219459142535924,0.0964433178305625,0.0165548585355281,0.2105755507946014,0.1177638471126556,0.134905457496643,0.5530169606208801,0.0751514211297035,0.0355891175568103,0.1623290181159973,0.018195766955614,0.076573796570301,0.093040183186531,0.2129469811916351,0.0918942093849182,0.0529249012470245,0.0637315362691879,0.2086514681577682,0.0481263771653175,0.223346397280693,0.4975557327270508,0.2625024914741516,0.2564285695552826,0.070814348757267,0.0624164268374443,0.1097865775227546,0.034275084733963,0.2671191990375519,0.0885837972164154,0.0820599347352981,0.0397662334144115,0.5102354288101196,0.0650872737169265
0.2539147436618805,0.1387093663215637,0.5843578577041626,0.1497850120067596,0.4447216987609863,0.4409730136394501,0.2284387201070785,0.1892867237329483,0.0218324549496173,0.0964757204055786,0.0164934042841196,0.2108489871025085,0.1175563633441925,0.134834349155426,0.5517780780792236,0.0754261463880539,0.0354722253978252,0.1621879935264587,0.0182330589741468,0.0648851543664932,0.0930396914482116,0.2126849144697189,0.0927068218588829,0.0528598353266716,0.0625291913747787,0.2081784605979919,0.0480031222105026,0.223634585738182,0.4966667890548706,0.2622096836566925,0.2559054791927337,0.0710987150669097,0.0624843463301658,0.1099904328584671,0.0343836098909378,0.2666695713996887,0.0883470624685287,0.0823167264461517,0.0397909209132194,0.5098708271980286,0.0650348663330078
0.3033152222633362,0.1785669475793838,0.6207841634750366,0.1387058496475219,0.4687705636024475,0.4895967543125152,0.1884132623672485,0.2187790274620056,0.0255607198923826,0.1046748384833335,0.0115332268178462,0.2279533296823501,0.1790105402469635,0.1159561723470687,0.642139196395874,0.0789841711521148,0.03414286673069,0.1481130123138427,0.0147549659013748,0.0965168327093124,0.1240899488329887,0.2095101326704025,0.1183714270591735,0.0417647585272789,0.0537619553506374,0.192593440413475,0.0285585466772317,0.2169510424137115,0.4545974731445312,0.2702592611312866,0.2388807982206344,0.069124236702919,0.0584843233227729,0.1080049946904182,0.0319435894489288,0.2705729007720947,0.0919718071818351,0.0683685839176178,0.037588283419609,0.5028554797172546,0.0609173066914081
0.2734331488609314,0.1555437445640564,0.6034054756164551,0.1377215385437011,0.4387421011924743,0.4583764970302582,0.2030085623264312,0.2018941044807434,0.0195713676512241,0.0968079939484596,0.0123352780938148,0.2109604179859161,0.1178339123725891,0.1299435943365097,0.58543860912323,0.0751495882868766,0.0262583754956722,0.1447807252407074,0.0159090310335159,0.0741046518087387,0.1132771000266075,0.2134473621845245,0.1026971265673637,0.048156302422285,0.0474778115749359,0.1974704265594482,0.0368273854255676,0.2236829400062561,0.4663225412368774,0.2773642539978027,0.2394792139530182,0.0686602145433425,0.0590212047100067,0.1158636212348938,0.0323646143078804,0.261405736207962,0.0903424769639968,0.0787040367722511,0.0385703817009925,0.4900829195976257,0.059613712131977
0.2783758044242859,0.1244697794318199,0.5860903263092041,0.1386448442935943,0.4731482863426208,0.4717258512973785,0.2176072895526886,0.2106560170650482,0.0284052174538373,0.0998212099075317,0.0097265318036079,0.2287463545799255,0.141699731349945,0.1224164515733718,0.592991292476654,0.0747736990451812,0.0335157439112663,0.1595480591058731,0.0171835832297801,0.1032979190349578,0.1065184250473976,0.2110409438610077,0.1054676324129104,0.0400651879608631,0.0365726128220558,0.193390816450119,0.0311856810003519,0.2116122543811798,0.4516277611255646,0.2366786748170852,0.2371224462985992,0.068484365940094,0.0590083599090576,0.0980796217918396,0.0311196781694889,0.2448198050260543,0.0803095698356628,0.0671072006225586,0.0366160981357097,0.4994952082633972,0.0607794597744941
0.2793026864528656,0.1680749058723449,0.5882367491722107,0.1387673169374466,0.4748139381408691,0.4736182689666748,0.2168324887752533,0.2108990848064422,0.0282439142465591,0.0996996387839317,0.009765432216227,0.2295736670494079,0.1444333493709564,0.1222358718514442,0.5973565578460693,0.0751314237713813,0.0336038880050182,0.1602704524993896,0.0171882845461368,0.1048123240470886,0.1088054031133651,0.2059631943702697,0.1063200905919075,0.040003728121519,0.0365520864725112,0.1945992857217788,0.0309878848493099,0.2118133902549743,0.450986385345459,0.2521030902862549,0.2313112467527389,0.0684582591056823,0.0589674077928066,0.0982077568769455,0.0312748327851295,0.2457884848117828,0.0803267657756805,0.0670142173767089,0.0367710813879966,0.4993662536144256,0.0607560165226459
0.3033836781978607,0.1800584197044372,0.5986791849136353,0.1494483947753906,0.4749512374401092,0.4896738529205322,0.1979266256093979,0.2205346822738647,0.0285590216517448,0.0999064072966575,0.0086399670690298,0.2312986254692077,0.1506475508213043,0.1087134927511215,0.6153280735015869,0.0794763043522834,0.0356222316622734,0.1588549017906189,0.0164010003209114,0.1076791882514953,0.1113456636667251,0.2087049782276153,0.1286520659923553,0.0417738705873489,0.0439347140491008,0.1891069710254669,0.0301808733493089,0.2132021337747573,0.4515339732170105,0.2575788497924804,0.2271271646022796,0.0705249011516571,0.0590658709406852,0.0992079824209213,0.0302054956555366,0.2549315094947815,0.0860306024551391,0.0693167448043823,0.0358860492706298,0.5068374872207642,0.0621828287839889
0.302737832069397,0.1788154542446136,0.5995393991470337,0.149056926369667,0.4752969443798065,0.4892092049121856,0.1992339193820953,0.2203935384750366,0.0286297984421253,0.1000158190727233,0.0086773000657558,0.2312531918287277,0.1502255499362945,0.1087844967842102,0.6149857044219971,0.0793652310967445,0.0357116162776947,0.159011885523796,0.0164999179542064,0.1065691858530044,0.1108746603131294,0.2087944895029068,0.12775319814682,0.0417530760169029,0.0439984984695911,0.188762366771698,0.0305352173745632,0.2137135863304138,0.4520857334136963,0.2575990855693817,0.2273893058300018,0.0703588798642158,0.058953434228897,0.0992471426725387,0.0301938205957412,0.2548224925994873,0.0858218371868133,0.0691867545247078,0.0359119996428489,0.507298469543457,0.0621635988354682
0.2755748927593231,0.1652035415172577,0.5939469337463379,0.1278454363346099,0.4547315835952759,0.4733727276325226,0.2195897996425628,0.2150461822748184,0.0304424781352281,0.1057798266410827,0.0095642330124974,0.2243118584156036,0.1349674016237259,0.1128333583474159,0.6038157343864441,0.0752370059490203,0.028972677886486,0.1629447042942047,0.0163587555289268,0.0980664938688278,0.1087136417627334,0.2106147110462188,0.1173562481999397,0.0425398871302604,0.0393094718456268,0.1968077272176742,0.0339990966022014,0.2177717536687851,0.4660247564315796,0.260619580745697,0.2352426946163177,0.0696774721145629,0.0593928210437297,0.1035641953349113,0.0306870583444833,0.2545085251331329,0.0886508971452713,0.0665917545557022,0.0365764498710632,0.5016689300537109,0.060218509286642
0.2768314778804779,0.1695059686899185,0.593895435333252,0.1272777467966079,0.4588873982429504,0.4779112935066223,0.2218611687421798,0.2193857282400131,0.0312635228037834,0.1078979149460792,0.009220503270626,0.225845456123352,0.1682029217481613,0.1103763058781623,0.6113877892494202,0.0747014284133911,0.0283613242208957,0.1646590828895568,0.0161821376532316,0.1020973324775695,0.1088586896657943,0.2103155553340912,0.1198859438300132,0.0412932187318801,0.0384483076632022,0.1944893300533294,0.0330391116440296,0.2170944809913635,0.464149534702301,0.2600514590740204,0.2324824780225753,0.0688823014497757,0.0591488406062126,0.1016862615942955,0.0303679332137107,0.2547528147697449,0.0887034460902214,0.0659685432910919,0.0357494503259658,0.5033748745918274,0.0604123324155807
0.3150538802146911,0.1545644551515579,0.6098169684410095,0.124354176223278,0.456411600112915,0.4925800859928131,0.216179221868515,0.2319815456867218,0.0200649984180927,0.108349397778511,0.0097304293885827,0.2131371647119522,0.1509238183498382,0.1162335500121116,0.6405461430549622,0.0721033215522766,0.0307177603244781,0.1383103430271148,0.0127202607691288,0.0972522944211959,0.1231696233153343,0.2195306569337844,0.1401529312133789,0.0492803007364273,0.0493119470775127,0.2000071406364441,0.0511272177100181,0.210979014635086,0.4607107043266296,0.2613614797592163,0.2144541293382644,0.0712587684392929,0.0654082149267196,0.1094491407275199,0.0293987076729536,0.2834191918373108,0.0946325734257698,0.0786822214722633,0.0374960675835609,0.5140380859375,0.0653860494494438
0.3160418272018432,0.1557286083698272,0.6108621954917908,0.124576561152935,0.4576345980167389,0.4923391342163086,0.2158968597650528,0.232020229101181,0.0202901549637317,0.1084800660610199,0.0098235392943024,0.2139284610748291,0.1501437127590179,0.1160786300897598,0.6408697962760925,0.0722049474716186,0.030867226421833,0.1380558609962463,0.0128478296101093,0.0967539697885513,0.1234801560640335,0.2197913825511932,0.139819711446762,0.0493859872221946,0.0498383976519107,0.2000979632139206,0.0515544116497039,0.2106200158596038,0.458940327167511,0.2619778513908386,0.2136801332235336,0.0713701993227005,0.065200388431549,0.1090546250343322,0.029128972440958,0.2843596935272217,0.0948050916194915,0.0785545036196708,0.0374824851751327,0.513702392578125,0.0656708925962448
0.2858674824237823,0.179202526807785,0.570382833480835,0.1346163749694824,0.4636715650558471,0.4800713062286377,0.2010560929775238,0.2259895801544189,0.0264079347252845,0.0994492620229721,0.0106885293498635,0.2309757769107818,0.1337636411190033,0.1041196808218956,0.614466667175293,0.0733207091689109,0.0324592292308807,0.1466016173362732,0.0153782535344362,0.1153069734573364,0.1210305541753768,0.2219436913728714,0.1270438432693481,0.0387020073831081,0.03096804022789,0.1900709271430969,0.0288192518055439,0.2072145044803619,0.4579373896121979,0.2634400725364685,0.2328415215015411,0.072386123239994,0.0628535896539688,0.1056955307722091,0.0305460318922996,0.2479749768972396,0.0885952860116958,0.0708030983805656,0.0371300913393497,0.5040231347084045,0.0607430972158908
0.2860680818557739,0.1795838177204132,0.5718342661857605,0.134951114654541,0.4641935527324676,0.4800127446651459,0.2006737887859344,0.2262800335884094,0.0264302492141723,0.099583625793457,0.0107578197494149,0.2310178279876709,0.1348564028739929,0.1041852533817291,0.6149628162384033,0.0729222893714904,0.0323793217539787,0.1474934071302414,0.0153587460517883,0.1153111234307289,0.1215210407972335,0.2228748947381973,0.1274027675390243,0.0385116338729858,0.0310760252177715,0.1900766938924789,0.028944231569767,0.2073586881160736,0.4577661752700805,0.263836532831192,0.2332534790039062,0.0723789036273956,0.0626865103840828,0.1057920306921005,0.0305269621312618,0.2482934594154358,0.0887944996356964,0.070951908826828,0.037120409309864,0.5046457052230835,0.0607302971184253
0.301857978105545,0.1865703016519546,0.5820136666297913,0.1381335705518722,0.4557663202285766,0.4748103618621826,0.1732893586158752,0.2155209183692932,0.0186598934233188,0.0989734008908271,0.0111990477889776,0.2376341372728347,0.1367359310388565,0.1069522351026535,0.6133071184158325,0.0742906332015991,0.0285832155495882,0.1446984559297561,0.0141945593059062,0.0986447408795356,0.1227193549275398,0.2144816517829895,0.1230221092700958,0.0390076041221618,0.031556200236082,0.1808803677558899,0.0258765742182731,0.2119796276092529,0.453950434923172,0.2614754140377044,0.2265884429216385,0.0708631873130798,0.0595151036977767,0.0999476388096809,0.0302884075790643,0.2402957677841186,0.0864610597491264,0.0784694552421569,0.0349774435162544,0.4934907257556915,0.0593941137194633
0.3030452132225036,0.1880066394805908,0.5830891132354736,0.1381357312202453,0.4565518796443939,0.4760311245918274,0.1727370172739029,0.2166686058044433,0.01871825940907,0.0992545336484909,0.0108785713091492,0.2385376095771789,0.1385960429906845,0.1063945889472961,0.6159807443618774,0.0745015293359756,0.028486056253314,0.1444178223609924,0.0141230300068855,0.1005240976810455,0.1236089095473289,0.2138530015945434,0.1244816333055496,0.0386741980910301,0.0309973433613777,0.1801607012748718,0.0255793146789073,0.2111144810914993,0.4531083703041076,0.2619175314903259,0.2261721491813659,0.0705650746822357,0.0590934157371521,0.0993554219603538,0.0302189793437719,0.2393971979618072,0.0863175243139267,0.0784715637564659,0.0349865779280662,0.4923872351646423,0.0588836669921875
0.2767111957073211,0.1665742546319961,0.5789337158203125,0.1329979598522186,0.4794412553310394,0.4797186255455017,0.2215382307767868,0.2354683578014373,0.0269054248929023,0.0964342281222343,0.0100845489650964,0.2231018245220184,0.1627050638198852,0.1247452497482299,0.6128349304199219,0.0710125416517257,0.0305854156613349,0.1475984752178192,0.0149152278900146,0.106993056833744,0.1126340478658676,0.2209880352020263,0.1261348724365234,0.0428699105978012,0.0349959172308445,0.1974380612373352,0.0312921218574047,0.2086275666952133,0.4720358848571777,0.2686243951320648,0.2475912272930145,0.0719567388296127,0.063333086669445,0.1101127564907074,0.0317383520305156,0.2620711922645569,0.0922100245952606,0.069380335509777,0.0367755517363548,0.4957172870635986,0.0584364682435989
0.2781900465488434,0.1680701076984405,0.5794754028320312,0.1286714971065521,0.4832292199134826,0.480617880821228,0.2219043672084808,0.2358841150999069,0.0269989073276519,0.0972350314259529,0.0101542416960001,0.2223546802997589,0.1657353639602661,0.1238481774926185,0.6143242120742798,0.0708547532558441,0.0304368063807487,0.1477653384208679,0.014666742645204,0.1072607934474945,0.1110717803239822,0.220381811261177,0.1261869370937347,0.0429420359432697,0.0344862192869186,0.1966187953948974,0.0313137844204902,0.208548903465271,0.473541259765625,0.2686258554458618,0.2490571141242981,0.0717282518744468,0.0631863176822662,0.1096959561109542,0.0315966196358203,0.2627648711204529,0.0923531427979469,0.0689892321825027,0.036450769752264,0.495011568069458,0.0578910186886787
0.3415082097053528,0.1859542429447174,0.625672459602356,0.1403388530015945,0.4849820137023926,0.5057693719863892,0.1797455251216888,0.2481433600187301,0.0187200345098972,0.1007827818393707,0.0104870088398456,0.2422735542058944,0.1628123819828033,0.1070150285959243,0.6543596982955933,0.0731571465730667,0.0329629108309745,0.1363810449838638,0.0104997344315052,0.1209002658724784,0.1388465911149978,0.225760817527771,0.1444683074951172,0.0417718663811683,0.0368925891816616,0.1931939870119094,0.0262067783623933,0.1988911479711532,0.4656035304069519,0.2771387696266174,0.2517988085746765,0.0669750943779945,0.0615403577685356,0.1043187752366066,0.0306037366390228,0.2605368494987488,0.0917688459157943,0.0825686752796173,0.0395331755280494,0.4189655780792236,0.0672807469964027
0.340958297252655,0.1856793463230133,0.6255963444709778,0.1398007720708847,0.4845283627510071,0.5050662159919739,0.1796198636293411,0.2477607727050781,0.0187873542308807,0.1011373102664947,0.0104794027283787,0.2419725060462951,0.1629043966531753,0.1065842658281326,0.6547074317932129,0.0730574205517768,0.0330043025314807,0.1364282667636871,0.0105848424136638,0.1208024621009826,0.1386202871799469,0.2248867005109787,0.1438505202531814,0.0418170541524887,0.0369914099574089,0.1932437419891357,0.0262493565678596,0.1988149881362915,0.465174913406372,0.27678382396698,0.2513691484928131,0.0668383091688156,0.0615316964685916,0.1044179797172546,0.0305771902203559,0.2603203058242798,0.0917179584503173,0.0825491473078727,0.0396421700716018,0.419375330209732,0.0673715770244598
0.2679452896118164,0.0994416028261184,0.6147027015686035,0.1418755501508712,0.4661863446235657,0.4815441966056824,0.2139599472284317,0.2197575271129608,0.0260520987212657,0.1035486087203025,0.0100754676386713,0.2181068807840347,0.145075261592865,0.1246859282255172,0.6238304972648621,0.0750062763690948,0.0308607034385204,0.1431584060192108,0.0128152361139655,0.1066738367080688,0.1308729946613311,0.2010120600461959,0.1126991659402847,0.0453187376260757,0.0404975041747093,0.1983735412359237,0.0334579832851886,0.2072918266057968,0.4876322746276855,0.2441216707229614,0.2445763945579528,0.0652652084827423,0.0567618608474731,0.1048542931675911,0.032285027205944,0.2533073425292969,0.0917437821626663,0.0674657151103019,0.0362297855317592,0.5195013880729675,0.060570765286684
0.2569795846939087,0.0956050604581832,0.6104526519775391,0.1499038338661193,0.4436842203140259,0.4594597518444061,0.1951563358306884,0.1977870017290115,0.0233495719730854,0.0880964249372482,0.0106437820941209,0.2216425240039825,0.1268876194953918,0.1194972842931747,0.5983110666275024,0.0744964033365249,0.0327251218259334,0.1465949565172195,0.0149179901927709,0.1048001572489738,0.1305155158042907,0.1936140805482864,0.098969966173172,0.0458800047636032,0.0373710878193378,0.2032947540283203,0.0353825688362121,0.2127467095851898,0.4993737339973449,0.2427707016468048,0.2520289421081543,0.0646703317761421,0.0546954125165939,0.1053608655929565,0.0330744609236717,0.2428293824195861,0.0898264795541763,0.0695472508668899,0.0372738763689994,0.5167090892791748,0.0612483695149421
0.2808248102664947,0.1486382782459259,0.6240453720092773,0.149147942662239,0.4923824667930603,0.4858549833297729,0.2081398069858551,0.225133866071701,0.0248339436948299,0.1038934886455535,0.0096581233665347,0.2149932086467743,0.1799634993076324,0.1239998936653137,0.6360752582550049,0.0713594555854797,0.0317205600440502,0.1405446976423263,0.0144701786339282,0.1081023514270782,0.1259309649467468,0.1998463571071624,0.1148601025342941,0.0482018291950225,0.03725266456604,0.1961109638214111,0.0316151976585388,0.2083667516708374,0.505113959312439,0.2588725686073303,0.2564116418361664,0.0643808022141456,0.0550732463598251,0.1062636822462081,0.0330024510622024,0.2554298043251037,0.0903980284929275,0.0666353702545166,0.0363870710134506,0.5149660706520081,0.0564511865377426
0.2814488112926483,0.1488129645586013,0.6237404346466064,0.1490079760551452,0.4873229563236236,0.4819763302803039,0.2047602981328964,0.222155824303627,0.0246649850159883,0.1011522710323333,0.0096620246767997,0.213784635066986,0.1500971913337707,0.1243602111935615,0.6308889389038086,0.0713889226317405,0.0317719876766204,0.1382165700197219,0.0141209941357374,0.1068874299526214,0.1251993179321289,0.1992042958736419,0.1144050657749176,0.0485531352460384,0.0377570539712905,0.1951755136251449,0.0316338017582893,0.2085213363170623,0.5064871907234192,0.2597726583480835,0.2571446895599365,0.0645571798086166,0.0548637099564075,0.1072192341089248,0.0329050496220588,0.2547220587730407,0.0909248292446136,0.0665415078401565,0.0362619832158088,0.5152655839920044,0.0568511672317981
0.2795222997665405,0.1467725336551666,0.6223371624946594,0.1448625028133392,0.4819422960281372,0.4819311499595642,0.2022779136896133,0.2216472774744033,0.0240712687373161,0.0994857922196388,0.0103890970349311,0.2132552564144134,0.142014667391777,0.1246790662407875,0.6221046447753906,0.0686294063925743,0.0318010449409484,0.1448153555393219,0.0131072252988815,0.1069098114967346,0.1315506398677826,0.197183072566986,0.1155362129211425,0.0493285693228244,0.0376588813960552,0.1978968679904937,0.0335041061043739,0.2075133323669433,0.501360297203064,0.2588434219360351,0.2536026835441589,0.0663636773824691,0.0563902854919433,0.111288346350193,0.0326462239027023,0.2624830901622772,0.0953487381339073,0.0689950063824653,0.0365532487630844,0.5215344429016113,0.0606140904128551
0.2777358889579773,0.1466227769851684,0.6218214631080627,0.1448345333337783,0.4819777011871338,0.4808340072631836,0.2036930918693542,0.2209101319313049,0.0238351989537477,0.0995043367147445,0.0102176433429121,0.213023692369461,0.141711488366127,0.124405637383461,0.6215340495109558,0.0685508847236633,0.0318079590797424,0.1445789933204651,0.013095149770379,0.1063038930296897,0.1306823790073394,0.1956596374511718,0.1148062348365783,0.0491504818201065,0.037687424570322,0.1975800395011901,0.0337397828698158,0.2073023915290832,0.503136157989502,0.2581806182861328,0.2543477416038513,0.0662174373865127,0.0562243275344371,0.1108748763799667,0.0326508656144142,0.2620606422424316,0.0951627269387245,0.0687503442168235,0.0364929288625717,0.5216153860092163,0.0604645535349845
0.2853671610355377,0.1516134142875671,0.6248794794082642,0.1388848721981048,0.4826847612857818,0.4830456078052521,0.1992130875587463,0.2224601209163665,0.0242381766438484,0.1006877347826957,0.0167592205107212,0.214380145072937,0.1354307830333709,0.1228187456727027,0.625668466091156,0.0677598714828491,0.0320154316723346,0.142200157046318,0.0130220251157879,0.1061085611581802,0.125352680683136,0.2030440717935562,0.1159017235040664,0.0487990751862525,0.0385188460350036,0.1955651491880417,0.0342246703803539,0.211711972951889,0.4923920929431915,0.2637001574039459,0.2553830146789551,0.0670155137777328,0.0587624385952949,0.1125882416963577,0.0310479402542114,0.2603185772895813,0.0946916565299034,0.0673500522971153,0.0364602319896221,0.5177626609802246,0.0612285807728767
0.2868307828903198,0.152604654431343,0.6246398687362671,0.1388294696807861,0.4829725623130798,0.4835698008537292,0.2000448852777481,0.2235262393951416,0.0240711271762847,0.1006917357444763,0.0166243575513362,0.2142689973115921,0.1353882104158401,0.1226081326603889,0.6267030239105225,0.0681124925613403,0.0320015177130699,0.142015665769577,0.0129097010940313,0.1068845093250274,0.126474529504776,0.2032004296779632,0.1177364066243171,0.0488709919154644,0.0380544550716877,0.1955808997154235,0.0338294506072998,0.21137136220932,0.4923478364944458,0.2637618780136108,0.2558454275131225,0.0670379549264907,0.0587979666888713,0.113441452383995,0.0312467943876981,0.2608068585395813,0.0950750112533569,0.0675764977931976,0.0365071520209312,0.5176438093185425,0.0610782653093338
0.3027058839797973,0.169228509068489,0.6237653493881226,0.1279987096786499,0.4758726358413696,0.4878807663917541,0.195405900478363,0.2306194901466369,0.0247586220502853,0.1008423268795013,0.0148781333118677,0.2141541242599487,0.1336259841918945,0.1133187413215637,0.6320884823799133,0.0728114172816276,0.0303377583622932,0.1361714601516723,0.0107389008626341,0.1147167384624481,0.1378961503505706,0.2074992656707763,0.1295771896839141,0.0465517044067382,0.0488103441894054,0.1889633983373642,0.0304290279746055,0.206177681684494,0.4696658253669739,0.2716825306415558,0.2418570518493652,0.0664727687835693,0.0589279383420944,0.1055366694927215,0.0292942412197589,0.2703063488006592,0.095115453004837,0.0678906142711639,0.0362348109483718,0.510103702545166,0.059026088565588
0.2845120429992676,0.1648474633693695,0.614188551902771,0.1400907635688781,0.4720367193222046,0.4819100797176361,0.2009032815694809,0.2208836376667022,0.026569914072752,0.0951452255249023,0.015263183042407,0.220877856016159,0.1668923199176788,0.1012462079524993,0.6169925928115845,0.0787193775177002,0.029881227761507,0.1464599967002868,0.0127962138503789,0.112626314163208,0.1261989772319793,0.2062858194112777,0.1253193318843841,0.0441725403070449,0.0538941696286201,0.1848180890083313,0.0324105098843574,0.2103920578956604,0.4609173238277435,0.2602835297584533,0.2348205149173736,0.0671941339969635,0.0582080855965614,0.0993363782763481,0.0296997837722301,0.2744330465793609,0.0929791927337646,0.068502277135849,0.0355300605297088,0.503936767578125,0.0585553981363773
0.3064517378807068,0.1716635078191757,0.6313862800598145,0.1149803698062896,0.4989937543869018,0.5073838233947754,0.1968738734722137,0.245956152677536,0.0241711661219596,0.1068935319781303,0.012877625413239,0.2341584414243698,0.1909844130277633,0.1136159375309944,0.6446837186813354,0.0761535093188285,0.0329861231148242,0.1423595547676086,0.0117771234363317,0.107284128665924,0.1345868855714798,0.2166173756122589,0.1418404579162597,0.0457097850739955,0.0490542650222778,0.1811220049858093,0.0279578249901533,0.2099768221378326,0.4817699790000915,0.266626626253128,0.2502903938293457,0.068034142255783,0.0590106733143329,0.1084968969225883,0.0300611983984708,0.2688316702842712,0.0960584133863449,0.0722358226776123,0.0364902541041374,0.4414175152778625,0.0684229508042335
0.3065807223320007,0.1727360486984253,0.6301831603050232,0.1152382344007492,0.4984093606472015,0.5043144226074219,0.1934469640254974,0.2435041069984436,0.0241844244301319,0.1064537018537521,0.0122630726546049,0.2342611700296402,0.1909662187099456,0.1133142560720443,0.6455538272857666,0.075983852148056,0.0331417135894298,0.1415302604436874,0.0115906419232487,0.1087003052234649,0.133671373128891,0.2147529274225235,0.1415751725435257,0.044668860733509,0.0485780201852321,0.1804797947406768,0.0274208988994359,0.209145575761795,0.4812988340854645,0.2659507095813751,0.2504898309707641,0.0683295428752899,0.0591952875256538,0.1066551730036735,0.0298920087516307,0.2669057250022888,0.0959955900907516,0.0722030699253082,0.0365765988826751,0.4419955909252167,0.0682089477777481
0.3041603565216064,0.1723760664463043,0.6243369579315186,0.1126582026481628,0.4985558092594147,0.4975930452346802,0.1885192394256591,0.2390175610780716,0.0237443521618843,0.1070563197135925,0.0130024114623665,0.2195520997047424,0.1914172321557998,0.1124685481190681,0.6437628269195557,0.0771013274788856,0.0328261628746986,0.1411776095628738,0.0112066436558961,0.1107021570205688,0.133770078420639,0.2089793533086776,0.1376890540122985,0.0449944511055946,0.0504556894302368,0.1806863248348236,0.0271010883152484,0.2074570506811142,0.4874010384082794,0.2648482024669647,0.2528502345085144,0.0693787187337875,0.059753019362688,0.1056161597371101,0.0300917848944664,0.2666963934898376,0.0971559956669807,0.0728107839822769,0.03669174015522,0.5111753344535828,0.0575277954339981
0.3028646111488342,0.1698972731828689,0.6228208541870117,0.1339527815580368,0.496563196182251,0.4971866309642792,0.1895359605550766,0.2395550608634948,0.0237289201468229,0.1064987406134605,0.0130800642073154,0.2193184047937393,0.1889471858739853,0.1127975136041641,0.6435732841491699,0.076849952340126,0.0329380705952644,0.1420916616916656,0.0115515664219856,0.1083174273371696,0.1340371817350387,0.2085895091295242,0.1359117478132248,0.0449567548930645,0.0514759570360183,0.1810542047023773,0.0279216729104518,0.2080005705356598,0.4879160523414612,0.2641960084438324,0.2528510689735412,0.0694626569747924,0.0600309334695339,0.105596624314785,0.0302504915744066,0.2648499011993408,0.0972481369972229,0.0727692320942878,0.0368437953293323,0.5101621747016907,0.0577462166547775
0.3118526935577392,0.1757613271474838,0.6227965354919434,0.1308798193931579,0.4825716018676758,0.4924728274345398,0.1826572269201278,0.2370340377092361,0.0235097184777259,0.0941772013902664,0.0131585169583559,0.2161073982715606,0.1426338255405426,0.1138650253415107,0.6442223787307739,0.0729041099548339,0.0301362723112106,0.1367117762565612,0.0088852616026997,0.1201139166951179,0.140859842300415,0.2093750238418579,0.1285745054483413,0.0443870350718498,0.0488559156656265,0.1870265454053878,0.0271611548960208,0.2041834890842437,0.4638700485229492,0.2717531025409698,0.2385902404785156,0.0665691196918487,0.0608859658241272,0.103517547249794,0.0291564129292964,0.2704483866691589,0.0964521691203117,0.0676228776574134,0.0356892347335815,0.5078786015510559,0.0578739121556282
0.3111293315887451,0.1772682666778564,0.6208096742630005,0.1317963004112243,0.4809403717517853,0.4887182712554931,0.179779976606369,0.2367486655712127,0.0235676560550928,0.0936551317572593,0.0129316532984375,0.2167391926050186,0.1432338207960128,0.11399906873703,0.6464195251464844,0.0701882392168045,0.0302644800394773,0.1372900158166885,0.0089106373488903,0.1214389204978942,0.1419175267219543,0.2076594829559326,0.1275706440210342,0.0438440851867198,0.0488728359341621,0.1875242292881012,0.0274055451154708,0.2049277126789093,0.4665266871452331,0.2734323740005493,0.2397809624671936,0.0666903704404831,0.0610293932259082,0.1025819778442382,0.0290314406156539,0.2693410813808441,0.0964432507753372,0.0671942755579948,0.0357050485908985,0.5071433782577515,0.0573970973491668
0.3286710381507873,0.1818097084760666,0.6207846403121948,0.1415997743606567,0.4800946116447449,0.4953676760196686,0.1833151131868362,0.243274301290512,0.0245867613703012,0.0928049311041832,0.0117040053009986,0.2212968319654464,0.1452739089727401,0.0979248583316803,0.6583181023597717,0.0697950944304466,0.0308280698955059,0.1360289752483368,0.0092653995379805,0.1185309439897537,0.1419077217578888,0.2123250216245651,0.1350292563438415,0.0450604707002639,0.0340803414583206,0.1894940882921219,0.0278845615684986,0.2025817930698394,0.4556526243686676,0.2742633819580078,0.232479378581047,0.0654765293002128,0.059008665382862,0.0964593216776847,0.0301583632826805,0.2639473676681518,0.0960206389427185,0.0686641186475753,0.0362019725143909,0.5027073621749878,0.0565125755965709
0.3264040350914001,0.1796557009220123,0.6219006776809692,0.1400593221187591,0.4808289408683777,0.4970797598361969,0.1873490810394287,0.2438098490238189,0.024650739505887,0.0926156342029571,0.0123904012143611,0.2200814485549926,0.1454479545354843,0.0985699221491813,0.6574488878250122,0.0699393525719642,0.0310360416769981,0.1375903934240341,0.0094043631106615,0.1179552376270294,0.1409940123558044,0.212291419506073,0.1355952769517898,0.0459733754396438,0.0345374904572963,0.1906133890151977,0.0283869821578264,0.2033398300409317,0.4599325656890869,0.2730650603771209,0.2360167652368545,0.065713457763195,0.0595636963844299,0.0978157445788383,0.0302699506282806,0.2658721804618835,0.0963549017906189,0.0689774602651596,0.0362139008939266,0.5035210847854614,0.0566055439412593
0.3241732716560364,0.1798685193061828,0.6255229115486145,0.135239690542221,0.4958817958831787,0.5037521719932556,0.1888458430767059,0.2455929964780807,0.0244252532720565,0.105795681476593,0.0114628383889794,0.2329783290624618,0.1537107229232788,0.0980514883995056,0.656177818775177,0.0704767704010009,0.0321115478873252,0.1327850371599197,0.0096301427111029,0.1158204302191734,0.1387528479099273,0.214471235871315,0.1315875202417373,0.0447079353034496,0.0351716354489326,0.1869329065084457,0.0270380601286888,0.2028145641088485,0.4679940342903137,0.2755648493766784,0.2412477433681488,0.0656761676073074,0.0581776872277259,0.1003480330109596,0.0301416218280792,0.2661982476711273,0.0932316929101944,0.0687882453203201,0.0367258712649345,0.429673284292221,0.0669395998120307
0.316140353679657,0.134048581123352,0.6458900570869446,0.1310473978519439,0.4841940104961395,0.4997225701808929,0.2235869169235229,0.2393642961978912,0.02668397128582,0.0905516222119331,0.0114139979705214,0.2123604267835617,0.1640504002571106,0.1150526106357574,0.6422215104103088,0.0715831890702247,0.0325744189321994,0.1302279382944107,0.0103458240628242,0.108536772429943,0.1421565115451812,0.2152063548564911,0.1340981572866439,0.043691836297512,0.0320977345108985,0.1852691173553466,0.031591810286045,0.2030664533376693,0.4558735489845276,0.2548329830169678,0.2066522091627121,0.0612992644309997,0.0548822507262229,0.0973652452230453,0.0307556446641683,0.2737223505973816,0.092835433781147,0.064495176076889,0.0353430025279521,0.5011879205703735,0.0543584674596786
0.3051106631755829,0.1705768555402755,0.627743661403656,0.1328659504652023,0.4856478571891784,0.4898726940155029,0.2005558609962463,0.2370003014802932,0.0254330337047576,0.1016120240092277,0.0090574789792299,0.2200439721345901,0.1590448021888733,0.1166473925113678,0.6472612619400024,0.0739109963178634,0.0328782945871353,0.1430655717849731,0.0110875442624092,0.1214815378189086,0.1399414092302322,0.2050153613090515,0.1311208456754684,0.0453782901167869,0.0344704538583755,0.1872216761112213,0.0296493787318468,0.2035626173019409,0.4881007671356201,0.2651403546333313,0.245944857597351,0.0664010345935821,0.0559107474982738,0.0991096869111061,0.030102452263236,0.2651841342449188,0.0958629995584487,0.0701556354761123,0.0360840633511543,0.5096637010574341,0.055266335606575
0.3044386208057403,0.1698538661003112,0.6301132440567017,0.1333542466163635,0.4877718985080719,0.4893374145030975,0.2003158628940582,0.2357513755559921,0.0252517201006412,0.1016929596662521,0.0091905258595943,0.2203873693943023,0.1577307879924774,0.1174872294068336,0.6459803581237793,0.0738020241260528,0.0331394895911216,0.1437424123287201,0.011211559176445,0.1202927455306053,0.1373975425958633,0.2039946168661117,0.1295913159847259,0.0460788011550903,0.0345787331461906,0.1870691627264022,0.0306577049195766,0.2040891051292419,0.4895994961261749,0.264889508485794,0.247558981180191,0.0664322674274444,0.0557147450745105,0.0996524468064308,0.0301906391978263,0.2669329047203064,0.095729723572731,0.0701952129602432,0.0362814217805862,0.5082818865776062,0.0547067262232303
0.2954165637493133,0.1621114313602447,0.6266028881072998,0.1364561319351196,0.4577745795249939,0.4825738668441772,0.2115171551704406,0.2293399423360824,0.0280749034136533,0.0874806940555572,0.0119835576042532,0.2138830870389938,0.1406090259552002,0.1070953011512756,0.6428428292274475,0.0692609548568725,0.0307985208928585,0.1461058557033538,0.010021261870861,0.1128316521644592,0.1427475363016128,0.2125167548656463,0.1192258968949318,0.043142344802618,0.0379572361707687,0.2018147408962249,0.033710241317749,0.2088233232498169,0.4836460947990417,0.2710694372653961,0.2420921623706817,0.0654030591249466,0.0574095211923122,0.1020522490143776,0.0290378909558057,0.2761703133583069,0.0973797664046287,0.0676313638687133,0.0350496582686901,0.5165059566497803,0.0609492734074592
0.2682145535945892,0.1520070433616638,0.6061581373214722,0.130368947982788,0.45471853017807,0.4680572152137756,0.2154828906059265,0.2150745987892151,0.0281423535197973,0.0892831534147262,0.0114964516833424,0.2195441424846649,0.1371991038322448,0.1126726865768432,0.6087484359741211,0.0734709948301315,0.0309524275362491,0.1396835446357727,0.0138122765347361,0.1088699400424957,0.1270187497138977,0.2076094299554824,0.1124761700630188,0.0425523966550827,0.037794854491949,0.1936843246221542,0.0351814925670623,0.2104848772287368,0.4909722208976745,0.2612972557544708,0.2520972490310669,0.0674318373203277,0.0567518062889575,0.1021439284086227,0.0302435085177421,0.2622988224029541,0.0924233943223953,0.067933015525341,0.035159133374691,0.5160940885543823,0.0604885295033454
0.2942464053630829,0.1675176322460174,0.6248038411140442,0.133935734629631,0.4720591306686401,0.484500527381897,0.1986234188079834,0.2253296822309494,0.0258344076573848,0.0978262722492218,0.0098622590303421,0.2166492044925689,0.1623122543096542,0.119876779615879,0.6449344158172607,0.074089378118515,0.0323470532894134,0.1481596082448959,0.0120122907683253,0.1194574311375618,0.1413798630237579,0.2016254663467407,0.1232679933309555,0.0472509525716304,0.039165012538433,0.2012010216712951,0.0314723961055278,0.2088994681835174,0.4933372139930725,0.2696709334850311,0.2489849776029586,0.0671006366610527,0.0569862052798271,0.1015786305069923,0.0300671942532062,0.26627978682518,0.0964998379349708,0.0698255002498626,0.0359773635864257,0.5144001841545105,0.0580437034368515
0.3086012005805969,0.1736348122358322,0.6199005842208862,0.1394610702991485,0.4752166271209717,0.4929026365280151,0.1946476995944976,0.2331845909357071,0.0258478317409753,0.1008979156613349,0.0125674968585371,0.2210905849933624,0.1606386005878448,0.1050886064767837,0.6504188776016235,0.0717107504606247,0.0326063595712184,0.1410892307758331,0.0118497833609581,0.1131750345230102,0.1343175768852234,0.2099410742521286,0.123973324894905,0.0459891930222511,0.0377353057265281,0.1990527063608169,0.0299853533506393,0.2092373967170715,0.4834455847740173,0.2744975388050079,0.2462828606367111,0.0665701925754547,0.0584459938108921,0.1007714867591857,0.0294519625604152,0.2584261298179626,0.0924867689609527,0.0690571963787078,0.0367598384618759,0.5096031427383423,0.0560721233487129
0.3125087320804596,0.1352792382240295,0.6250107288360596,0.141648069024086,0.4716319143772125,0.5000930428504944,0.2089743465185165,0.2376275658607483,0.0278808362782001,0.0896776765584945,0.0149457976222038,0.2192128896713256,0.1544421315193176,0.1042119562625885,0.6608364582061768,0.0736753121018409,0.0312121044844388,0.1392641216516494,0.0120206642895936,0.1102492362260818,0.1395570933818817,0.2197821140289306,0.1275148093700409,0.0476155653595924,0.0376943126320838,0.2012966722249984,0.0319692566990852,0.2102980315685272,0.4661879539489746,0.2596151232719421,0.2127560079097747,0.0647951960563659,0.0602409280836582,0.1018941551446914,0.0299244225025177,0.2663845717906952,0.0936385169625282,0.0674537196755409,0.0359623692929744,0.5070276856422424,0.0587149262428283
0.2935224175453186,0.1326405107975006,0.6111841797828674,0.1416752189397812,0.4601975679397583,0.4867467880249023,0.2040325403213501,0.2292321771383285,0.0196574218571186,0.0983040779829025,0.0155791016295552,0.2140410095453262,0.1543688774108886,0.1095480322837829,0.6444409489631653,0.0763432905077934,0.0313509963452816,0.1478225290775299,0.0119042927399277,0.1141262128949165,0.1352875381708145,0.2148559838533401,0.1226322054862976,0.0490085035562515,0.0391520820558071,0.2075971961021423,0.0346006155014038,0.2116681039333343,0.4862773418426513,0.2546976208686828,0.2220023274421692,0.0676075592637062,0.0633586794137954,0.1032371670007705,0.0298432782292366,0.2740516662597656,0.0966076776385307,0.0783518776297569,0.0357022024691104,0.5126774311065674,0.0603406503796577
0.295796126127243,0.1651665270328521,0.6183249950408936,0.1359602659940719,0.4686033129692077,0.4948693513870239,0.1948085278272628,0.2309201508760452,0.0251403376460075,0.1007577702403068,0.0102205509319901,0.2149089872837066,0.1636031419038772,0.121999017894268,0.6477372050285339,0.0748118460178375,0.0320645496249198,0.146278828382492,0.011533766053617,0.1225614994764328,0.1418103277683258,0.2098480314016342,0.1231391578912735,0.0454547703266143,0.041361354291439,0.2042407393455505,0.0290155000984668,0.2028233110904693,0.4934719800949096,0.2697407603263855,0.2469575554132461,0.0656319037079811,0.06023820489645,0.0997441112995147,0.0312201641499996,0.2635101675987243,0.0947256237268447,0.0711264014244079,0.0363398976624012,0.5140474438667297,0.0576795935630798
0.2738929986953735,0.1558163166046142,0.5926520228385925,0.1482541263103485,0.4608502089977264,0.4829227030277252,0.1966717094182968,0.2215556204319,0.0273112785071134,0.0942544788122177,0.011083249002695,0.2201088368892669,0.148180678486824,0.1154114156961441,0.6151411533355713,0.0796305611729621,0.0313379243016243,0.1450737416744232,0.0149865057319402,0.1156190931797027,0.1276184469461441,0.2116231918334961,0.117609292268753,0.0438681989908218,0.0387368351221084,0.2030357122421264,0.0306333526968956,0.2080073654651641,0.4888973832130432,0.2634664177894592,0.2524778544902801,0.0670173913240432,0.059743195772171,0.0991119146347045,0.03196931630373,0.2596098184585571,0.0913238003849983,0.071749672293663,0.0367004461586475,0.5100853443145752,0.0589144527912139
0.272594004869461,0.1545487493276596,0.6052166223526001,0.14692322909832,0.4696410000324249,0.4804647862911224,0.1977641880512237,0.220425546169281,0.0265513621270656,0.0954821780323982,0.0104954298585653,0.2195577323436737,0.1482861340045929,0.1131578683853149,0.6139760613441467,0.0796551927924156,0.0320373401045799,0.1448509246110916,0.0149130374193191,0.1144992038607597,0.1280312836170196,0.2111209779977798,0.1136919111013412,0.0429051667451858,0.0402208343148231,0.1997227966785431,0.031296320259571,0.2089331895112991,0.496047705411911,0.2626429200172424,0.2560085356235504,0.0670621767640113,0.0583990290760993,0.0990266725420951,0.032115951180458,0.2599950432777405,0.0916290134191513,0.0712453871965408,0.0367150977253913,0.5139248371124268,0.0598887205123901
0.2732204794883728,0.1542103439569473,0.6076384782791138,0.1473826766014099,0.4697747230529785,0.4800117313861847,0.1964986473321914,0.2188595682382583,0.0262773670256137,0.094714730978012,0.0106246275827288,0.2199957072734832,0.146679401397705,0.1134662181138992,0.6136264204978943,0.0796976834535598,0.0319695807993412,0.1441105306148529,0.0149498051032423,0.113707885146141,0.1292404681444168,0.2115561366081237,0.1113893687725067,0.0428900346159935,0.0398521646857261,0.2007926106452942,0.0309341736137866,0.2090698182582855,0.492422878742218,0.2621052265167236,0.2540166676044464,0.0667684376239776,0.0579805932939052,0.0984898954629898,0.0321306660771369,0.2595019936561584,0.0918264389038086,0.0708118975162506,0.0369469448924064,0.5112384557723999,0.0591846369206905
0.2838971018791199,0.1290391236543655,0.6130871772766113,0.1495540291070938,0.4899378716945648,0.4905507564544678,0.2021436691284179,0.2263351380825042,0.0272221378982067,0.0952727049589157,0.0099485758692026,0.2261692136526107,0.1880182921886444,0.123753473162651,0.629148006439209,0.0776271522045135,0.0281217377632856,0.1641566455364227,0.0152880446985363,0.1196463927626609,0.1278651356697082,0.2065876275300979,0.1202645599842071,0.0450562313199043,0.0412679128348827,0.2008056044578552,0.0323327332735061,0.2108975946903228,0.4883537888526916,0.2469908595085144,0.2459710240364074,0.0652637481689453,0.0563357807695865,0.0947954207658767,0.0331910103559494,0.2728259563446045,0.0928608626127243,0.0703084990382194,0.0359293296933174,0.5101455450057983,0.0576038137078285
0.284434050321579,0.1298056840896606,0.6139959096908569,0.1476393043994903,0.4912000894546509,0.4891878068447113,0.202288806438446,0.2259643077850341,0.027109820395708,0.0965972989797592,0.0099147222936153,0.2264196276664734,0.2234881520271301,0.1224577724933624,0.6286778450012207,0.0767632573843002,0.0307664684951305,0.1614543199539184,0.0151987159624695,0.1200463101267814,0.1253959536552429,0.2055150866508484,0.1203312650322914,0.0448064878582954,0.0404118262231349,0.197907343506813,0.0314821898937225,0.2104504257440567,0.4845847487449646,0.2461491525173187,0.2437878251075744,0.0648670867085456,0.056085929274559,0.0943459868431091,0.0330732986330986,0.2699384391307831,0.0920553207397461,0.0697164759039878,0.035861674696207,0.5081250667572021,0.0567890405654907
0.2892232239246368,0.1567001342773437,0.642421305179596,0.1231317892670631,0.4976572692394256,0.4990657269954681,0.2085888534784317,0.2282831221818924,0.0263262502849102,0.1073568016290664,0.0109737431630492,0.2121709585189819,0.1940575093030929,0.1188647374510765,0.6485066413879395,0.0734244734048843,0.0328069366514682,0.1507795602083206,0.0154248224571347,0.1142720431089401,0.1354930102825164,0.2169859409332275,0.1131771504878997,0.0467184334993362,0.04126912727952,0.2013696879148483,0.0329779423773288,0.2074095159769058,0.5010729432106018,0.2686449289321899,0.2628187239170074,0.0653149485588073,0.0587793253362178,0.1066652238368988,0.0323779322206974,0.2593246102333069,0.0949215516448021,0.0684553533792495,0.0371509306132793,0.5175196528434753,0.0567995458841323
0.2770415544509887,0.1555090248584747,0.6243996620178223,0.1336094290018081,0.4895232021808624,0.4822608232498169,0.2029692083597183,0.2138890624046325,0.0270270034670829,0.0957819521427154,0.0104929227381944,0.2219823598861694,0.1804223954677581,0.1240001991391182,0.6199629306793213,0.0750018656253814,0.032233715057373,0.1494734585285186,0.0153900859877467,0.1094652712345123,0.1242533773183822,0.212203562259674,0.1054978221654892,0.0431931316852569,0.0422964543104171,0.1970664709806442,0.0335241183638572,0.2098271250724792,0.4852332770824432,0.2601338624954223,0.2545962333679199,0.0662946924567222,0.0572845786809921,0.1005379408597946,0.0324529781937599,0.2588836252689361,0.0920256152749061,0.0683184117078781,0.0376202836632728,0.509780764579773,0.0577951595187187
0.2935193181037903,0.1627928167581558,0.6395518779754639,0.1200977936387062,0.5006474852561951,0.4989706873893738,0.2057460248470306,0.2316152453422546,0.0245826933532953,0.1077705472707748,0.0136542348191142,0.2155644297599792,0.1898536384105682,0.1174042373895645,0.6553164720535278,0.0742327719926834,0.0331464931368827,0.1505313664674759,0.0147432778030633,0.1197061985731124,0.1376658082008361,0.2155100703239441,0.1183931976556778,0.0468645952641963,0.038613598793745,0.2006394565105438,0.0304944571107625,0.2085241228342056,0.4947063624858856,0.2720556855201721,0.2623680233955383,0.0664517134428024,0.0587227456271648,0.1106171905994415,0.0323796682059764,0.2564713954925537,0.0949197560548782,0.0686187148094177,0.0369732268154621,0.5128061771392822,0.0570192411541938
0.2955138981342315,0.1640983670949936,0.641700029373169,0.1213670894503593,0.4979305267333984,0.497158408164978,0.204622596502304,0.230543166399002,0.0243871714919805,0.1059973090887069,0.0137791223824024,0.2158021926879882,0.1864327788352966,0.1176987737417221,0.6539967656135559,0.0741063058376312,0.0330747924745082,0.1499607264995575,0.0147472312673926,0.1193469762802124,0.1380208730697631,0.2144557386636734,0.1181332767009735,0.0472056493163108,0.0380124934017658,0.2007061839103698,0.0303789973258972,0.2091116905212402,0.4918875098228454,0.273293524980545,0.2596116662025451,0.0663350597023963,0.0577468909323215,0.1098471283912658,0.0323228687047958,0.2574589848518371,0.0949102863669395,0.0686505138874054,0.0367876142263412,0.5132297873497009,0.0574608072638511
0.3113815784454345,0.1767397373914718,0.6538493633270264,0.1126359552145004,0.5581227540969849,0.5068848729133606,0.205504909157753,0.2620011270046234,0.0228553283959627,0.1145076975226402,0.0099362442269921,0.2338329404592514,0.2198434472084045,0.1133812963962555,0.6680575609207153,0.0746580958366394,0.03104829788208,0.1421516835689544,0.0134073980152606,0.1296175718307495,0.1369970142841339,0.2187221199274063,0.1314960420131683,0.0416556149721145,0.0340233370661735,0.1841580718755722,0.0257871560752391,0.2003347724676132,0.4985523223876953,0.2732748985290527,0.272321879863739,0.0638285875320434,0.0553733110427856,0.0989985018968582,0.0542498305439949,0.2462533414363861,0.0899267047643661,0.0695566833019256,0.0370223186910152,0.4201818108558655,0.0596361607313156
0.3066792488098144,0.1642520427703857,0.6399890184402466,0.1282761693000793,0.503673791885376,0.5090183019638062,0.2148874551057815,0.2368724197149276,0.0261790752410888,0.1092018336057663,0.0126662887632846,0.2270965576171875,0.1846615225076675,0.1182040870189666,0.6550200581550598,0.0712655261158943,0.032730221748352,0.1429552584886551,0.0121073648333549,0.1110446751117706,0.134148821234703,0.2186984121799469,0.1166257858276367,0.045329749584198,0.0369656570255756,0.1981508433818817,0.0300098489969968,0.2072066366672516,0.4799573421478271,0.2746423482894897,0.2537550330162048,0.06425242125988,0.0585570260882377,0.1050861701369285,0.0316080823540687,0.2544345259666443,0.0905042067170143,0.067201167345047,0.0376567468047142,0.4301334321498871,0.0657248646020889
0.2969228327274322,0.1659712940454483,0.6397991180419922,0.1327049136161804,0.4880535900592804,0.4980480074882507,0.1996215581893921,0.2290472835302353,0.0256593339145183,0.1028667688369751,0.014257138594985,0.2165098786354065,0.1615815758705139,0.1220642775297164,0.6535984873771667,0.0733494460582733,0.0327615067362785,0.1496348083019256,0.0114504797384142,0.1245279163122177,0.1461311131715774,0.2119843363761901,0.1235277131199836,0.0480500310659408,0.0380056835711002,0.2084377408027649,0.0306013692170381,0.2089313566684723,0.4955542087554931,0.2738367915153503,0.2554136514663696,0.0664129853248596,0.0594138801097869,0.1057365387678146,0.0322636552155017,0.2642067670822143,0.0958316996693611,0.0712874829769134,0.037279475480318,0.5181238055229187,0.0592322275042533
0.2981193959712982,0.1665807366371154,0.6394143104553223,0.1330393850803375,0.4874400198459625,0.4983638525009155,0.1992090046405792,0.2287597507238388,0.0254861004650592,0.1029660403728485,0.0139940585941076,0.2168952524662017,0.1611793339252472,0.1216213703155517,0.6536768078804016,0.0734991133213043,0.0326997004449367,0.1492383182048797,0.0114720799028873,0.1247135251760482,0.1465355604887008,0.2119738012552261,0.1242404580116272,0.0479120388627052,0.0378360822796821,0.2079823762178421,0.0303721949458122,0.2086880803108215,0.4937300682067871,0.2738045454025268,0.2544949054718017,0.0662950128316879,0.0594598911702632,0.1055897027254104,0.0322519391775131,0.2640382051467895,0.0958095267415046,0.0711116939783096,0.0373870953917503,0.517540693283081,0.0591061301529407
0.3070732355117798,0.1720141172409057,0.6428214311599731,0.1462090462446212,0.4677146077156067,0.4976959228515625,0.1848216503858566,0.2246027588844299,0.0190439950674772,0.0932975709438324,0.0110893305391073,0.2184990644454956,0.1624816060066223,0.1084532812237739,0.6579819917678833,0.0717682093381881,0.0323033593595027,0.1481208503246307,0.0105648301541805,0.1281661391258239,0.1588338613510131,0.2101277261972427,0.1256146430969238,0.0474873036146163,0.0390721075236797,0.2091662734746933,0.0296533741056919,0.2104682326316833,0.4846387505531311,0.2737822234630584,0.2439691871404647,0.066162571310997,0.0584352165460586,0.1017585545778274,0.0309026855975389,0.2677060961723327,0.0969160795211792,0.0803752020001411,0.0351734533905983,0.5198749303817749,0.0600867271423339
0.3045204579830169,0.1701065599918365,0.6373150944709778,0.1451180726289749,0.4705821871757507,0.4965451657772064,0.1848617792129516,0.2236950993537902,0.0253963787108659,0.0954033583402633,0.0119131039828062,0.2199362367391586,0.1627406775951385,0.1077582985162735,0.6555631756782532,0.0727769136428833,0.0322519615292549,0.148130863904953,0.0108999609947204,0.1257730722427368,0.1548779904842376,0.2090152204036712,0.122976154088974,0.0479514300823211,0.0396428629755973,0.2105970978736877,0.0293562822043895,0.2093895673751831,0.4829104244709015,0.2728171050548553,0.2441506087779998,0.0666994303464889,0.0588314495980739,0.1032391041517257,0.0312292501330375,0.2667203247547149,0.0962151661515235,0.071521945297718,0.0373342558741569,0.5179004669189453,0.0603064522147178
0.287980705499649,0.1625624895095825,0.6230151653289795,0.1606483459472656,0.4701076745986938,0.4803842306137085,0.1831604540348053,0.2116653621196746,0.027289530262351,0.0908890590071678,0.010471349582076,0.2304816544055938,0.1554289907217025,0.1150710135698318,0.6308833956718445,0.0754500478506088,0.0325755700469017,0.1479122936725616,0.0141674354672431,0.1222605854272842,0.1387556046247482,0.209946408867836,0.1113855615258216,0.042563047260046,0.0402700006961822,0.2070919126272201,0.031385526061058,0.2122574150562286,0.4781451523303985,0.2627917528152466,0.2442042380571365,0.0665727034211158,0.056460153311491,0.095942348241806,0.0325186774134635,0.2617937326431274,0.0921828001737594,0.0710767433047294,0.0380462706089019,0.508520781993866,0.0592095740139484
0.3040545880794525,0.1666039228439331,0.6328296065330505,0.1435920149087906,0.4716423153877258,0.4890421032905578,0.177099734544754,0.2191444337368011,0.0239242576062679,0.0960804224014282,0.0107245380058884,0.220516175031662,0.1636088490486145,0.1226633191108703,0.6551061868667603,0.0735383853316307,0.0330966487526893,0.1434894502162933,0.0137453349307179,0.1237715408205986,0.1504565328359604,0.2085427045822143,0.1155020669102668,0.0471978411078453,0.0387053489685058,0.2121147960424423,0.0293028447777032,0.210164338350296,0.4920118153095245,0.2706867754459381,0.2511854767799377,0.0671164244413375,0.0589149557054042,0.1034620702266693,0.0320828668773174,0.2612091898918152,0.0958455428481102,0.0712901353836059,0.0375431403517723,0.5157103538513184,0.0590581595897674
0.3112672865390777,0.1704261153936386,0.6403414607048035,0.1454931199550628,0.4800276458263397,0.485562115907669,0.1673517823219299,0.2208337634801864,0.0226200670003891,0.0930502116680145,0.0100517123937606,0.22002474963665,0.1592849940061569,0.1246900632977485,0.6455541849136353,0.0693916082382202,0.0324275232851505,0.14651620388031,0.0130603220313787,0.1238400936126709,0.1481977105140686,0.2125674188137054,0.1138123869895935,0.045718640089035,0.0388817936182022,0.2082643955945968,0.029376745223999,0.2078508138656616,0.4977733790874481,0.2741097807884216,0.2579796612262726,0.0658712089061737,0.0573089756071567,0.0990849062800407,0.0315584391355514,0.2553630471229553,0.0974303930997848,0.0712343454360961,0.037430852651596,0.5161045789718628,0.0579171217978
0.3135512471199035,0.1719939410686493,0.6415548324584961,0.1450398415327072,0.4780574142932892,0.4847940802574157,0.1643605530261993,0.221047818660736,0.0223619006574153,0.0920995697379112,0.0097755454480648,0.2200552821159362,0.1590458750724792,0.1236751899123191,0.647348165512085,0.0696963220834732,0.032260775566101,0.14480721950531,0.0129549289122223,0.1254543364048004,0.1486922055482864,0.2118037939071655,0.1159809976816177,0.0452458262443542,0.042478609830141,0.2052441984415054,0.0294668842107057,0.2076257914304733,0.4965173602104187,0.2743352949619293,0.2568910419940948,0.0657185092568397,0.0570483356714248,0.0980784222483635,0.0313348248600959,0.2567968964576721,0.0976967215538024,0.070927545428276,0.0371746979653835,0.5159740447998047,0.0575297474861145
0.3125683069229126,0.1732029616832733,0.6417891383171082,0.1414181590080261,0.4813010096549988,0.4854630529880523,0.1720728576183319,0.2213287353515625,0.0228541400283575,0.0941585674881935,0.0103604905307292,0.2185519337654113,0.1592344343662262,0.1206867173314094,0.65382981300354,0.0700364410877227,0.0327143445611,0.1454983204603195,0.0131541565060615,0.1236979812383651,0.1475350558757782,0.2084249407052993,0.1180057972669601,0.0473532155156135,0.0388175845146179,0.205189973115921,0.0312533639371395,0.2107349038124084,0.4987684488296509,0.2769849598407745,0.2588357925415039,0.0670546814799308,0.0568957552313804,0.1026073396205902,0.0310336984694004,0.265261709690094,0.0986023247241973,0.0712451413273811,0.0367913953959941,0.5214030742645264,0.0585182458162307
0.3127161562442779,0.1733835190534591,0.6417984962463379,0.1412168741226196,0.4812572002410888,0.4850700795650482,0.1714247316122055,0.2211205065250396,0.0228309147059917,0.0943141430616378,0.010428755544126,0.2186137437820434,0.1585229337215423,0.1207761690020561,0.6540661454200745,0.0700376778841018,0.0328257903456687,0.1449498236179351,0.0131548633798956,0.1235664784908294,0.1477057933807373,0.208525612950325,0.1179025322198867,0.0474005192518234,0.0389128513634204,0.2049192488193512,0.0313503928482532,0.2108896374702453,0.4981482625007629,0.277669757604599,0.2587347030639648,0.0672757849097251,0.05699223279953,0.1030606925487518,0.0309581663459539,0.265446662902832,0.0985946729779243,0.0713002383708953,0.0368889160454273,0.5215923190116882,0.0586389191448688
0.2637808620929718,0.1056064069271087,0.6059224605560303,0.1447913199663162,0.4805750846862793,0.4587697386741638,0.2106489539146423,0.1980459243059158,0.0278080515563488,0.0916499271988868,0.0134410727769136,0.2129180133342743,0.1435766369104385,0.1230388060212135,0.6002129316329956,0.0737886130809784,0.0324920862913131,0.1635816544294357,0.0159313082695007,0.0988193079829216,0.1015930399298667,0.2028266191482544,0.1003210246562957,0.053096480667591,0.0482344850897789,0.2096468806266784,0.0446440130472183,0.2229930162429809,0.5024155974388123,0.2558519840240478,0.2666804790496826,0.0434792712330818,0.0374383777379989,0.1093207150697708,0.0335964374244213,0.2711658477783203,0.0895755067467689,0.0704770237207412,0.0376560986042022,0.5191745758056641,0.0594857521355152
0.2650608122348785,0.103368729352951,0.5882247090339661,0.1398032009601593,0.4748058021068573,0.4565556645393371,0.2082428038120269,0.2029683291912078,0.0269878953695297,0.0947694331407547,0.0122493617236614,0.21946382522583,0.1285495012998581,0.1175239458680152,0.5928599238395691,0.0756691694259643,0.0326367281377315,0.1540261358022689,0.0156188085675239,0.0984381288290023,0.1086669117212295,0.2009520828723907,0.1013683080673217,0.0467930808663368,0.0369261242449283,0.2035852074623108,0.0427395515143871,0.2117102742195129,0.4971541166305542,0.2462051510810852,0.2714890837669372,0.0443298891186714,0.0374987870454788,0.1037944704294204,0.0335320308804512,0.2547411024570465,0.0879576802253723,0.0684416517615318,0.0375767387449741,0.5085315704345703,0.0575097277760505
0.2684864997863769,0.1509203612804412,0.612809419631958,0.1447938084602356,0.4919941425323486,0.4585262238979339,0.2060302048921585,0.1989116072654724,0.0274329353123903,0.0976190194487571,0.0136646963655948,0.2152477949857711,0.1632161736488342,0.1359215080738067,0.6021955609321594,0.0740645825862884,0.0328184738755226,0.1549815982580185,0.0157404877245426,0.0981244593858718,0.105431891977787,0.2057295590639114,0.1054806932806968,0.0534770935773849,0.0515490248799324,0.2112229019403457,0.0456652268767356,0.2221099287271499,0.5084659457206726,0.2684831619262695,0.2710706293582916,0.0456361100077629,0.037654161453247,0.1090675443410873,0.0341984443366527,0.274025559425354,0.0917210131883621,0.0711875632405281,0.0381481721997261,0.5159736275672913,0.0587191805243492
0.2677672207355499,0.1509433686733245,0.612407922744751,0.1446060240268707,0.4915499091148376,0.4594618678092956,0.2069899290800094,0.1998835206031799,0.0274625122547149,0.0978847816586494,0.0132075790315866,0.2155638635158538,0.1640572249889373,0.1331383287906646,0.6037126779556274,0.0735040828585624,0.0326194018125534,0.1552202701568603,0.0157584995031356,0.0984885990619659,0.1055401116609573,0.2058679461479187,0.1049270927906036,0.0524624586105346,0.0498090684413909,0.2111235111951828,0.0455106720328331,0.2213149666786193,0.506274402141571,0.2677423357963562,0.2693046629428863,0.0451489239931106,0.0374573022127151,0.1078569591045379,0.0340666659176349,0.2735174298286438,0.0911620631814003,0.0705561414361,0.0379911661148071,0.5155850648880005,0.0585979409515857
0.2738736271858215,0.1344583332538604,0.6390373706817627,0.1476357579231262,0.4675245583057403,0.4785100221633911,0.1987650394439697,0.2037816792726516,0.0260854698717594,0.0944762006402015,0.0121875079348683,0.2071624100208282,0.1442122757434845,0.1318340599536895,0.6185091733932495,0.0752869099378585,0.0319613963365554,0.1416906863451004,0.014489009976387,0.1054247245192527,0.1330333799123764,0.1968496441841125,0.0978732705116272,0.0495804101228714,0.0398420915007591,0.2084207832813263,0.037927683442831,0.2149768322706222,0.5082858800888062,0.2589469850063324,0.26246377825737,0.0623685084283351,0.0538265407085418,0.1040763109922409,0.0314287282526493,0.2663300633430481,0.0906934589147567,0.0672855079174041,0.0359076038002967,0.525259792804718,0.0579504296183586
0.2624544203281402,0.1027372032403945,0.5970151424407959,0.1557778716087341,0.4882069528102875,0.4547685980796814,0.2132148742675781,0.2071288526058197,0.030042614787817,0.095395490527153,0.0115161389112472,0.2219684869050979,0.1411637067794799,0.1172322034835815,0.5924839973449707,0.0700600445270538,0.0317412987351417,0.1305167376995086,0.0163838192820549,0.0970600545406341,0.1039363443851471,0.2020831406116485,0.1016084551811218,0.0460336282849311,0.0376562550663948,0.201698750257492,0.0464634597301483,0.2126544415950775,0.5032957792282104,0.2422504425048828,0.268541157245636,0.0439442656934261,0.0330129340291023,0.0951527953147888,0.0318111889064312,0.2565568089485168,0.0854669958353042,0.0651385188102722,0.0366690121591091,0.5186227560043335,0.0588043071329593
0.2531937062740326,0.102472960948944,0.6108295917510986,0.1508971899747848,0.4838995933532715,0.442668467760086,0.2067734003067016,0.1921793073415756,0.0284950733184814,0.0908945351839065,0.0127103207632899,0.2142703980207443,0.1526558697223663,0.130735844373703,0.6024301052093506,0.0681896731257438,0.0324290618300437,0.1535652726888656,0.0160853657871484,0.097474955022335,0.1083587408065795,0.1905725002288818,0.095904991030693,0.051859326660633,0.0491914749145507,0.2135066092014312,0.0482969507575035,0.2246139347553253,0.5175210237503052,0.2508585453033447,0.2689518928527832,0.0447109937667846,0.032903529703617,0.100791797041893,0.0331684313714504,0.26693856716156,0.0908686965703964,0.0671754330396652,0.0357582345604896,0.5249011516571045,0.0593092925846576
0.2538973391056061,0.1039453372359275,0.6090856194496155,0.1532018780708313,0.4798582792282104,0.442327082157135,0.2044354528188705,0.1914978921413421,0.0284365303814411,0.090869091451168,0.0125630553811788,0.2149977385997772,0.1506564319133758,0.1308395266532898,0.6019340753555298,0.0680159628391265,0.0318957790732383,0.1525837779045105,0.0158998966217041,0.100402683019638,0.1086910814046859,0.1911455243825912,0.0951783657073974,0.0512857474386692,0.0424244031310081,0.2137972712516784,0.0475054457783699,0.2251980453729629,0.5122251510620117,0.2508057951927185,0.264430284500122,0.0444644652307033,0.0328841656446456,0.0997621938586235,0.0328380614519119,0.2675029337406158,0.0907757505774498,0.0666371136903762,0.0356137678027153,0.5234981775283813,0.0593745298683643
0.2581824064254761,0.1087198406457901,0.6133191585540771,0.1577830016613006,0.4780029654502868,0.4453448057174682,0.2025095671415329,0.1953367739915847,0.0283388290554285,0.0914705395698547,0.0115291075780987,0.2151319086551666,0.1500559747219085,0.1288466453552246,0.6033458709716797,0.0682597085833549,0.0318792760372161,0.1580642461776733,0.015803663060069,0.1000100523233413,0.1160636693239212,0.1942318677902221,0.0996628254652023,0.0492263846099376,0.0419544801115989,0.2117470055818557,0.0465806238353252,0.2248890995979309,0.5061249732971191,0.2540799379348755,0.2594943046569824,0.0439619496464729,0.0328863151371479,0.0988635271787643,0.0319328010082244,0.2693646252155304,0.0912686735391616,0.0667020827531814,0.0356940701603889,0.5210185050964355,0.0588333345949649
0.2558622658252716,0.1081416979432106,0.6119977831840515,0.1575406044721603,0.4746358394622803,0.441124677658081,0.2005455642938614,0.1918798834085464,0.0279302783310413,0.0908785089850425,0.0120553933084011,0.2151585519313812,0.1468243598937988,0.129611998796463,0.6011414527893066,0.0684456154704094,0.0320085994899272,0.1488426327705383,0.0157816540449857,0.1000699251890182,0.1155123859643936,0.1912265419960022,0.0978173464536666,0.050818420946598,0.042169451713562,0.2145007997751236,0.0472401902079582,0.226370707154274,0.5090909600257874,0.2548089027404785,0.2611810564994812,0.0440943129360675,0.0330266207456588,0.099701277911663,0.0320354849100112,0.2673333287239074,0.0913362875580787,0.0668616294860839,0.0357527285814285,0.5209677219390869,0.0587552152574062
0.2690081000328064,0.1334132552146911,0.6290876865386963,0.1512040197849273,0.4734351634979248,0.466593474149704,0.1950733661651611,0.1992416530847549,0.0253011845052242,0.0938697755336761,0.0120112532749772,0.2071849554777145,0.1516932100057602,0.1319093257188797,0.6246249675750732,0.0758903920650482,0.032558336853981,0.1430313736200332,0.0148451495915651,0.1026787310838699,0.1308023780584335,0.1938409954309463,0.0955444648861885,0.0519390031695365,0.041457649320364,0.213434100151062,0.0389429964125156,0.2176099419593811,0.5182212591171265,0.261057436466217,0.2657924294471741,0.065945565700531,0.0553017109632492,0.107423186302185,0.0328374840319156,0.263871967792511,0.0919973403215408,0.0688121169805526,0.0369374752044677,0.5218445062637329,0.0578431338071823
0.2566976845264435,0.0939748287200927,0.6095761656761169,0.1512189507484436,0.4740737378597259,0.4531338214874267,0.2100982815027237,0.1974753439426422,0.0284557752311229,0.0879642814397811,0.0126403486356139,0.2153932750225067,0.1460142135620117,0.1203219592571258,0.6052266359329224,0.0691353380680084,0.0326256789267063,0.1523505896329879,0.0160934776067733,0.0923246592283248,0.1122609749436378,0.1977559328079223,0.0924326181411743,0.0485023707151412,0.0396401211619377,0.2130227088928222,0.0452776327729225,0.2211433053016662,0.5093646049499512,0.2486159950494766,0.2689176201820373,0.0448064282536506,0.0326065719127655,0.102366879582405,0.0331487022340297,0.2590782940387726,0.0899861380457878,0.0675407946109771,0.0368768349289894,0.5194082260131836,0.0590096041560173
0.2769022285938263,0.1360775530338287,0.6331020593643188,0.1318357586860656,0.4665037095546722,0.4685490131378174,0.1894333064556121,0.1995599269866943,0.0235856473445892,0.0916607826948165,0.0118850786238908,0.2056314647197723,0.1368881165981292,0.1303917467594146,0.6205641031265259,0.0781923532485961,0.0343149825930595,0.1416429281234741,0.015070435591042,0.0769478976726532,0.1301688700914383,0.1928146481513977,0.0967787951231002,0.053060658276081,0.041227538138628,0.2103363573551178,0.0396306812763214,0.2186050415039062,0.5239156484603882,0.2643817067146301,0.2734771966934204,0.0675718486309051,0.056965097784996,0.1121499240398407,0.0326333828270435,0.2631848454475403,0.0945061296224594,0.0701387822628021,0.037623330950737,0.5235868096351624,0.0582759492099285
0.2782254219055176,0.1370896697044372,0.6354576945304871,0.1451094895601272,0.4688029885292053,0.4686653912067413,0.1878297626972198,0.1990300714969635,0.0228776056319475,0.0909917056560516,0.0117878429591655,0.2075350433588028,0.1369965970516204,0.1300069391727447,0.6233978271484375,0.0787604600191116,0.0345797166228294,0.1415953636169433,0.0149583369493484,0.0791441649198532,0.1329530030488968,0.1919439285993576,0.0980019271373748,0.0528350509703159,0.0402991995215415,0.2093778848648071,0.0388614498078823,0.2185113131999969,0.5240971446037292,0.2663634121417999,0.2741284370422363,0.0674946308135986,0.0564316064119339,0.1135719716548919,0.0328202992677688,0.2610267400741577,0.0946325063705444,0.0700723081827163,0.0378227345645427,0.5230737924575806,0.0579659938812255
0.2906312048435211,0.1533849686384201,0.5924209952354431,0.1260375827550888,0.4393072128295898,0.4840166866779327,0.2089806795120239,0.204020544886589,0.0241136420518159,0.0921863913536071,0.0152879199013113,0.226884976029396,0.1361425369977951,0.103454515337944,0.5962985754013062,0.086371049284935,0.0311705991625785,0.1715252250432968,0.0188927128911018,0.0852100700139999,0.0983573943376541,0.2134033739566803,0.1062824428081512,0.0559944584965705,0.0410661846399307,0.207589715719223,0.0343026630580425,0.2254747599363327,0.4801539480686188,0.2446921169757843,0.2414129674434662,0.0688048303127288,0.0595567859709262,0.1100402027368545,0.0291620790958404,0.242981880903244,0.0855023860931396,0.0730432122945785,0.0348940417170524,0.518579363822937,0.0692823827266693
0.288407415151596,0.1523914039134979,0.5942645072937012,0.1239207163453102,0.4426226019859314,0.4831167459487915,0.2126878499984741,0.2040854692459106,0.0243670493364334,0.0918795615434646,0.0157883688807487,0.2344506978988647,0.1367694586515426,0.1033709496259689,0.5949892997741699,0.086863175034523,0.0309269186109304,0.1724525839090347,0.019047200679779,0.0849397033452987,0.0979363769292831,0.2146657109260559,0.1063911020755767,0.0566267371177673,0.0418093465268611,0.20783631503582,0.035047061741352,0.2268785536289215,0.4813712537288666,0.2449654936790466,0.2436373829841613,0.0690086185932159,0.0595487356185913,0.1109584718942642,0.0292387083172798,0.2433335036039352,0.0859749615192413,0.0728990733623504,0.0347354412078857,0.4609579741954803,0.0782963186502456
0.2752797305583954,0.1342945247888565,0.6504266262054443,0.1149293780326843,0.4647676944732666,0.4733473062515259,0.2022517323493957,0.1974540948867797,0.0237355139106512,0.0936853885650634,0.0121373934671282,0.2020948678255081,0.1365691125392913,0.1247896328568458,0.6115981936454773,0.0750982612371444,0.0354177355766296,0.1555521190166473,0.0154987517744302,0.078213557600975,0.1178319305181503,0.1950938403606414,0.100143164396286,0.0560204833745956,0.0440628081560134,0.1994107514619827,0.0421333760023117,0.22402985394001,0.5323625802993774,0.2607224583625793,0.2825998663902282,0.0649498328566551,0.0543118491768837,0.1118579059839248,0.0312470775097608,0.2592450976371765,0.0963390916585922,0.0690239146351814,0.0367449112236499,0.5261694192886353,0.0567064844071865
0.2771525681018829,0.1353371143341064,0.6493484377861023,0.1148275807499885,0.4618606567382812,0.4729432761669159,0.2027189880609512,0.1981864869594574,0.0232421103864908,0.0935553610324859,0.0121364723891019,0.2022432833909988,0.1323384940624237,0.1245916858315467,0.6099512577056885,0.0752219930291175,0.0355028361082077,0.1536670625209808,0.0154220489785075,0.0780235975980758,0.1174479126930236,0.1935523450374603,0.1001077890396118,0.0562886074185371,0.0434667095541954,0.1994133591651916,0.0420875176787376,0.2236114591360092,0.5303610563278198,0.2609923481941223,0.2812134623527527,0.0653530806303024,0.054268293082714,0.1122028902173042,0.0309014525264501,0.2585534751415252,0.0961381942033767,0.0688144415616989,0.0366757810115814,0.5247236490249634,0.0564090907573699
0.2728719711303711,0.1331057548522949,0.6311222314834595,0.122022345662117,0.4634488224983215,0.4662570357322693,0.1904032826423645,0.1960348933935165,0.0223393961787223,0.0937729626893997,0.0109104430302977,0.2080098092555999,0.1398762315511703,0.1296843290328979,0.6110755205154419,0.0789369344711303,0.0347672775387764,0.138103038072586,0.0151081010699272,0.0803189277648925,0.1296752989292144,0.1853635311126709,0.0954209938645362,0.0511790961027145,0.040197230875492,0.2067878693342209,0.0377246066927909,0.2147922813892364,0.5282227993011475,0.2554562091827392,0.2756814956665039,0.0650993511080741,0.0543231442570686,0.1054894030094146,0.0321663096547126,0.247951403260231,0.0932889133691787,0.0696186274290084,0.0375436581671237,0.5218706130981445,0.0554339885711669
0.2652416229248047,0.131548672914505,0.6211195588111877,0.1474585682153701,0.4709636569023132,0.4587641954421997,0.193808764219284,0.1911566853523254,0.0251874532550573,0.0886499658226966,0.0123020084574818,0.2204647660255432,0.1368955820798874,0.1335169225931167,0.596590518951416,0.0737963765859603,0.0346558578312397,0.1471299827098846,0.016037443652749,0.0971822291612625,0.122518241405487,0.1905236095190048,0.0918130725622177,0.0498516857624053,0.0413913130760192,0.2077450603246688,0.0281647853553295,0.2177372276782989,0.5175905823707581,0.2506047189235687,0.2740147113800049,0.0433387756347656,0.031603954732418,0.1025157198309898,0.0327759087085723,0.2523601353168487,0.0907012522220611,0.0695958584547042,0.0381940230727195,0.5192097425460815,0.0559524968266487
0.276899129152298,0.1366898715496063,0.6321535706520081,0.1507821977138519,0.4639960527420044,0.4605375528335571,0.1921999752521515,0.1944174617528915,0.022381953895092,0.0899624079465866,0.0105394525453448,0.2109330892562866,0.1446299850940704,0.1315078139305114,0.6165773868560791,0.0778702199459075,0.0346996672451496,0.1387616693973541,0.0146804098039865,0.1012115254998207,0.1350074112415313,0.1848458498716354,0.0982539802789688,0.0516762100160121,0.0412877574563026,0.2081146389245987,0.0265519022941589,0.214406818151474,0.5314326882362366,0.2583053708076477,0.2739191353321075,0.0658135935664177,0.0547059439122676,0.1044788286089897,0.0328765287995338,0.2492763549089431,0.0938432961702346,0.0701447799801826,0.0376381538808345,0.5257552862167358,0.0577838867902755
0.2691149413585663,0.1368604898452758,0.6244021654129028,0.1565496623516082,0.4651234745979309,0.4540054202079773,0.1886850595474243,0.1875003725290298,0.025725670158863,0.0862189531326294,0.0107630575075745,0.2218368053436279,0.13926562666893,0.1353484243154525,0.6043124794960022,0.0730832368135452,0.0341431573033332,0.1475441753864288,0.0152472294867038,0.0985535755753517,0.1285683810710907,0.1900106817483902,0.0943067744374275,0.0489511266350746,0.0400592610239982,0.2108061015605926,0.0288130585104227,0.2181775122880935,0.5166482925415039,0.2539998590946197,0.2687557935714721,0.0436884202063083,0.0318572372198104,0.1002250984311103,0.0333037376403808,0.2550563216209411,0.0922206789255142,0.0695840716361999,0.0380666255950927,0.5226008892059326,0.0581730641424655
0.2821299731731415,0.1408465802669525,0.629662275314331,0.1530210673809051,0.4707628488540649,0.4650207161903381,0.1948111653327942,0.1995168030261993,0.022689800709486,0.0915868505835533,0.0110546182841062,0.2116305232048034,0.1482211649417877,0.1326015293598175,0.6235451698303223,0.0768709331750869,0.0348343774676322,0.1422865688800811,0.0148271080106496,0.0999897420406341,0.1341799795627594,0.1866561770439148,0.0976783111691474,0.053493645042181,0.0433418862521648,0.2120570838451385,0.0369968339800834,0.2131972312927246,0.5288545489311218,0.2616389989852905,0.2737093567848205,0.0669237077236175,0.0552510023117065,0.104346752166748,0.0329407230019569,0.252188503742218,0.0936588421463966,0.0696116462349891,0.0379888080060482,0.5197499990463257,0.0576397068798542
0.283957690000534,0.140800729393959,0.6299977898597717,0.1554096639156341,0.471490204334259,0.4661973118782043,0.1981379389762878,0.2006827592849731,0.0230296868830919,0.0920127183198928,0.011178228072822,0.2113719880580902,0.1471838355064392,0.1335774958133697,0.6225742697715759,0.0763440728187561,0.0349150374531745,0.1432545483112335,0.0149637684226036,0.0977127701044082,0.1316472887992859,0.1891013979911804,0.0965707153081893,0.0541854389011859,0.0435968302190303,0.2128819227218628,0.0383147858083248,0.2143578231334686,0.5265960693359375,0.2619422078132629,0.2719162106513977,0.0673564597964286,0.0557586923241615,0.1041557341814041,0.0328905582427978,0.2547424733638763,0.093608021736145,0.0696542859077453,0.0380916222929954,0.5186471939086914,0.0575887523591518
0.2806371450424194,0.1381349563598632,0.6295615434646606,0.134334996342659,0.4779715836048126,0.4659255743026733,0.1943608820438385,0.2021942734718322,0.023694708943367,0.0938993468880653,0.0110401716083288,0.2089648246765136,0.152060329914093,0.1318398714065551,0.6243404150009155,0.0767979472875595,0.0346447825431823,0.141457051038742,0.0146070402115583,0.0997889935970306,0.1293900907039642,0.191320315003395,0.0971732884645462,0.0531576685607433,0.0434910915791988,0.2114122360944748,0.0378533452749252,0.213049441576004,0.5294211506843567,0.2586320340633392,0.2733357548713684,0.0659188330173492,0.054780475795269,0.1059170365333557,0.0332317054271698,0.2554557919502258,0.0937584489583969,0.0694035589694976,0.0374363735318183,0.5218039751052856,0.0577686578035354
0.2814309298992157,0.1410073637962341,0.6319272518157959,0.1350067406892776,0.4783408641815185,0.4668163061141968,0.1936996877193451,0.2017787545919418,0.023526607081294,0.0939764901995658,0.0111821545287966,0.2099232673645019,0.1535902321338653,0.1316669583320617,0.628981351852417,0.0764346867799758,0.0347672253847122,0.1426065266132354,0.0145840682089328,0.1013468652963638,0.131721019744873,0.1899598836898803,0.0970650911331176,0.0535997971892356,0.0437461882829666,0.2119796872138977,0.0381359010934829,0.2136764079332351,0.5292065143585205,0.2616853713989258,0.2724913656711578,0.0659522488713264,0.0543353632092475,0.105175070464611,0.0331704020500183,0.2561024129390716,0.0940823256969451,0.0692008584737777,0.0375214666128158,0.5205363631248474,0.057003553956747
0.2612137496471405,0.1082494333386421,0.6089153289794922,0.161130279302597,0.4633946716785431,0.4480048716068268,0.1874487698078155,0.1886904835700988,0.0258583296090364,0.0877324193716049,0.0106051666662096,0.2233570218086242,0.1574065089225769,0.1330904960632324,0.6144282817840576,0.0719482600688934,0.0336574018001556,0.151497408747673,0.015282142907381,0.1030991747975349,0.1289277970790863,0.1856707036495208,0.0968410372734069,0.0511635988950729,0.0427060797810554,0.2200008183717727,0.0454893670976161,0.2237424105405807,0.5153623819351196,0.2492408156394958,0.2617565989494324,0.0457280725240707,0.0324671976268291,0.1001263186335563,0.0341599434614181,0.271512508392334,0.0938178598880767,0.0703866928815841,0.0370531305670738,0.5234978199005127,0.0602289959788322
0.2610580325126648,0.1076375469565391,0.6052679419517517,0.1605844497680664,0.4617617130279541,0.4493434429168701,0.1894725561141967,0.1898732483386993,0.0261477716267108,0.0892438292503357,0.010481160134077,0.2234295904636383,0.1571853458881378,0.1331785470247268,0.6124361753463745,0.071683794260025,0.0335485972464084,0.1512658894062042,0.0154210049659013,0.1043318212032318,0.1268649697303772,0.1865187585353851,0.0971445515751838,0.0508866570889949,0.0424632914364337,0.2190721333026886,0.0458442792296409,0.2238410413265228,0.5149563550949097,0.2475635558366775,0.2612940073013305,0.045951023697853,0.0326759703457355,0.0998638570308685,0.0341079533100128,0.2713311314582824,0.0936121344566345,0.0703653842210769,0.0368440970778465,0.5240334272384644,0.0604301840066909
0.2733069658279419,0.1115627214312553,0.5710190534591675,0.1877287626266479,0.4427096247673034,0.4431244730949402,0.1729065179824829,0.1945000290870666,0.0220022872090339,0.0901120081543922,0.0101470043882727,0.2343114912509918,0.1520904600620269,0.1309028267860412,0.6070683002471924,0.069619245827198,0.034727044403553,0.151963010430336,0.0166493821889162,0.1024795025587081,0.1195240318775177,0.1866523623466491,0.0954224169254303,0.0510771758854389,0.0365459620952606,0.2183347344398498,0.0448368601500988,0.2225052118301391,0.5122607946395874,0.2381869256496429,0.2561109960079193,0.0478138625621795,0.0313647910952568,0.0951503589749336,0.0336203947663307,0.2543313801288605,0.0881536677479744,0.0793945342302322,0.0368940345942974,0.5225914120674133,0.0600499399006366
0.2744755744934082,0.111307218670845,0.5712430477142334,0.1904060542583465,0.4382373988628387,0.4409478306770324,0.1719346344470977,0.1925928741693496,0.0219453405588865,0.0890739038586616,0.0101121310144662,0.2342054694890976,0.1508528590202331,0.1317198872566223,0.6055363416671753,0.0697746872901916,0.0347877591848373,0.1520927548408508,0.0167424082756042,0.1012127473950386,0.1217111349105835,0.1871661692857742,0.0952311232686042,0.0512840412557125,0.0367751307785511,0.2199273407459259,0.0457154847681522,0.2230059802532196,0.5102677941322327,0.2390373647212982,0.255054235458374,0.0480634532868862,0.0315477177500724,0.0948865488171577,0.0338337086141109,0.2558174729347229,0.0888709500432014,0.0796210616827011,0.0373046100139617,0.522874116897583,0.060436513274908
0.2630138397216797,0.125593364238739,0.5850867033004761,0.1821681559085846,0.4397221207618713,0.4240706264972687,0.1846612691879272,0.1793018579483032,0.0215970464050769,0.0771405100822448,0.0121286306530237,0.2242866456508636,0.1428454369306564,0.1440204679965973,0.6039500832557678,0.0698489621281623,0.0359832383692264,0.1560240089893341,0.0173563435673713,0.0924261808395385,0.1135024353861808,0.1787919104099273,0.0902521684765815,0.0595284327864646,0.0438907817006111,0.2282865047454834,0.0388993918895721,0.2297144681215286,0.5219709277153015,0.2146540731191635,0.2576422095298767,0.0493261814117431,0.0315638110041618,0.0993659123778343,0.0344040095806121,0.2855569124221802,0.0945468693971633,0.0793869495391845,0.0372734069824218,0.5275686383247375,0.0630673021078109
0.262901097536087,0.1258894056081771,0.5841444730758667,0.1837146282196045,0.4358448982238769,0.4187683463096618,0.1793010234832763,0.176716148853302,0.0214758701622486,0.0760083720088005,0.0131104672327637,0.2229094505310058,0.1397448778152465,0.1343622207641601,0.5986524820327759,0.0697071850299835,0.035977479070425,0.1568670868873596,0.0173453390598297,0.0903288275003433,0.1125718504190445,0.1774775683879852,0.0893235281109809,0.0600113756954669,0.045130405575037,0.2296169400215149,0.0405049473047256,0.2310871481895446,0.5218590497970581,0.21623395383358,0.2577482759952545,0.0497375167906284,0.0317017287015914,0.0996652841567993,0.0343166440725326,0.2883375287055969,0.0961248874664306,0.0793871209025383,0.0376585945487022,0.5300257802009583,0.0642821192741394
0.2737455666065216,0.109851099550724,0.5432770252227783,0.2041276544332504,0.3999945521354675,0.4287210404872894,0.1581866145133972,0.1864531636238098,0.0218558143824338,0.0873906463384628,0.0173534341156482,0.2053758352994918,0.1356046497821808,0.1398093700408935,0.5863589644432068,0.0718257427215576,0.0443169586360454,0.1549990773200988,0.0179018899798393,0.0966046452522277,0.117832526564598,0.181376963853836,0.0891188606619834,0.0567276030778884,0.0386388264596462,0.2278442084789276,0.0421855822205543,0.2241883128881454,0.4998258352279663,0.2419196665287017,0.2427562028169632,0.0520911365747451,0.033256858587265,0.099869467318058,0.0336922034621238,0.2592733204364776,0.0881120339035987,0.0811479836702346,0.0379183739423751,0.5397189855575562,0.0646762102842331
0.2729425728321075,0.1097043678164482,0.5419436693191528,0.2051409631967544,0.4003310203552246,0.4278384745121002,0.1603103876113891,0.1876575052738189,0.0221450924873352,0.0878758206963539,0.0166454967111349,0.2065322995185852,0.1363044083118438,0.1385738253593444,0.586764931678772,0.0707839429378509,0.0443515479564666,0.154020220041275,0.0178006328642368,0.0943903177976608,0.1168823689222335,0.1814723163843155,0.0871062651276588,0.0546673685312271,0.0387659892439842,0.2268758416175842,0.0416116267442703,0.2228199243545532,0.4934403896331787,0.2391028255224228,0.2385998666286468,0.0512849912047386,0.0327829346060752,0.0964856445789337,0.0337076522409915,0.2559273838996887,0.0870446264743805,0.0807376354932785,0.0379175469279289,0.536048948764801,0.0636579692363739
0.2667413353919983,0.1281360238790512,0.6095180511474609,0.1661509871482849,0.437763512134552,0.448738694190979,0.1874170303344726,0.1823243349790573,0.0243127420544624,0.0800628066062927,0.0175923202186822,0.2119535654783249,0.1391109973192215,0.138536661863327,0.6186250448226929,0.0749822556972503,0.0341440513730049,0.1675660014152526,0.0150796715170145,0.0986641496419906,0.1325723528861999,0.17713063955307,0.0931252166628837,0.0566858798265457,0.03951857984066,0.2264741063117981,0.0311160031706094,0.220374584197998,0.5274412631988525,0.2574067115783691,0.2602827548980713,0.0684863626956939,0.0555953569710254,0.1063685268163681,0.0349212363362312,0.253123939037323,0.0939777195453643,0.0725176632404327,0.0376975238323211,0.530491292476654,0.0626636520028114
0.2693944871425628,0.1310715228319168,0.6091658473014832,0.1693480163812637,0.4333280324935913,0.4492499530315399,0.1852367520332336,0.1819577813148498,0.0242964029312133,0.0797021090984344,0.0175928585231304,0.2126858830451965,0.1396315693855285,0.138101577758789,0.6214284896850586,0.0746110528707504,0.0341456681489944,0.1452002972364425,0.014981810003519,0.1000680476427078,0.1361140608787536,0.1766362190246582,0.093464657664299,0.0563639625906944,0.0391808114945888,0.2272415608167648,0.0312211960554122,0.2206189781427383,0.5224533081054688,0.2586008906364441,0.2553718984127044,0.0685283467173576,0.0557079091668129,0.1055686995387077,0.0349700301885604,0.2533314228057861,0.0945047214627265,0.0725509524345398,0.0376599729061126,0.5306730270385742,0.0629462227225303
0.2691243886947632,0.1289394497871399,0.6144020557403564,0.169670358300209,0.4372603893280029,0.4483655095100403,0.1887175142765045,0.1840567737817764,0.0247240290045738,0.0814790874719619,0.0185515508055686,0.2108132541179657,0.1283095628023147,0.1377569139003753,0.6168532371520996,0.0689949169754982,0.0340186394751071,0.1619079709053039,0.0150395799428224,0.093230552971363,0.1284995526075363,0.1801852434873581,0.090762473642826,0.0574101060628891,0.0398284681141376,0.2269229441881179,0.0341519191861152,0.2211431115865707,0.5264132618904114,0.2625861167907715,0.2578070759773254,0.0691416263580322,0.0554725490510463,0.1063116788864135,0.0342106446623802,0.2572884559631347,0.0949343591928482,0.0725423768162727,0.0375288128852844,0.535256028175354,0.063833862543106
0.2715187966823578,0.1298605799674987,0.616119921207428,0.1716806143522262,0.43758225440979,0.4482221007347107,0.1884248405694961,0.1825763285160064,0.0248960014432668,0.0807184278964996,0.0185126960277557,0.2108041942119598,0.1304580271244049,0.1381757855415344,0.6191239356994629,0.0690201967954635,0.0340563282370567,0.1442001163959503,0.015031611546874,0.0934830754995346,0.1306868493556976,0.179809883236885,0.0897994190454483,0.0571818798780441,0.0396541245281696,0.2282836288213729,0.0341475456953048,0.2201946973800659,0.5240833759307861,0.2621909976005554,0.2566368579864502,0.0686505734920501,0.0551710464060306,0.1049186959862709,0.0346558168530464,0.2563186585903168,0.0951505154371261,0.072659283876419,0.0377325974404811,0.534538984298706,0.0638557076454162
0.2794992923736572,0.137131854891777,0.6128150224685669,0.166736364364624,0.450526475906372,0.4642632007598877,0.1977569907903671,0.1974653303623199,0.0238855555653572,0.0886064022779464,0.0170811619609594,0.2124271094799041,0.1395744383335113,0.1376367658376693,0.6167910099029541,0.0753336399793624,0.0337246805429458,0.1517211496829986,0.01441808976233,0.0976330488920211,0.1309012174606323,0.1890494525432586,0.0967510789632797,0.0538291186094284,0.045183777809143,0.2207168042659759,0.0413711555302143,0.2131546884775161,0.5158728361129761,0.2614751756191253,0.25464728474617,0.0683192312717437,0.0565384179353714,0.1038657426834106,0.0343689545989036,0.2540487349033355,0.0937822759151458,0.0728339031338691,0.0376521907746791,0.527040958404541,0.06215500831604
0.2802672386169433,0.1375385820865631,0.614493191242218,0.167248249053955,0.4490746855735779,0.4638724625110626,0.1960575729608535,0.1974083185195922,0.0237003322690725,0.0882639065384864,0.0170646850019693,0.2126534879207611,0.1386709511280059,0.1377075165510177,0.6162515878677368,0.0752810910344123,0.0336612910032272,0.1519531160593032,0.0144795505329966,0.0974357724189758,0.1320643126964569,0.1888847947120666,0.0957373082637786,0.0537163242697715,0.0454353205859661,0.220418319106102,0.0413400009274482,0.2136526256799698,0.5149413347244263,0.2620501816272735,0.2534628212451935,0.0681375786662101,0.0563244074583053,0.1030543148517608,0.0342600345611572,0.2537240982055664,0.0939792245626449,0.0725552961230278,0.0376441329717636,0.5257869362831116,0.0619532540440559
0.2773699164390564,0.1394110321998596,0.6080833673477173,0.1620501428842544,0.4603177309036255,0.4634939432144165,0.1947851479053497,0.1990898996591568,0.0237796921283006,0.0918686091899871,0.017736168578267,0.2155425399541854,0.139641523361206,0.1379544585943222,0.6245805025100708,0.0758823826909065,0.0342228226363658,0.157322272658348,0.0148972552269697,0.098410926759243,0.1307967007160186,0.1919157356023788,0.0989319905638694,0.0562924444675445,0.041281022131443,0.2205284833908081,0.0419777333736419,0.2171778827905655,0.5190500617027283,0.2655177712440491,0.2575420141220093,0.0705873817205429,0.0593690685927867,0.1085384711623191,0.0346066318452358,0.2580755650997162,0.0960138887166976,0.0731283873319625,0.0378947630524635,0.5267084240913391,0.0636989772319793
0.2753258645534515,0.1369132399559021,0.6114879250526428,0.160158634185791,0.4585539996623993,0.4607237875461578,0.1917720735073089,0.1955810487270355,0.024086870253086,0.0898931995034217,0.0190105754882097,0.2135607898235321,0.1347246319055557,0.140249952673912,0.6156594157218933,0.0762226358056068,0.0343310572206974,0.1572025716304779,0.0153578165918588,0.0944200605154037,0.1268461346626281,0.1925568282604217,0.0974926352500915,0.0573909878730773,0.0498564429581165,0.2227336168289184,0.0438208654522895,0.2174103260040283,0.5252493023872375,0.2667070031166076,0.2621974945068359,0.0709986761212349,0.0590905770659446,0.1096068918704986,0.0350767858326435,0.2573390603065491,0.0964422821998596,0.0738706514239311,0.0383485332131385,0.5299434065818787,0.0647662580013275
0.2748199701309204,0.1405482739210128,0.6143482327461243,0.1618486791849136,0.4630731642246246,0.4653584361076355,0.1974030882120132,0.1982870399951934,0.0249061789363622,0.0908457338809967,0.0179448015987873,0.2155502289533615,0.1464324593544006,0.137044221162796,0.6299392580986023,0.0715431794524192,0.0341858565807342,0.1460197269916534,0.0148403877392411,0.1031652688980102,0.1337816417217254,0.1905587613582611,0.0990717113018035,0.054089069366455,0.0460813008248806,0.2207988053560257,0.0408251322805881,0.2144623696804046,0.5198010802268982,0.2639881372451782,0.2594907581806183,0.0693011656403541,0.0576890893280506,0.1048368066549301,0.0347803458571434,0.257478654384613,0.0950379744172096,0.0725335031747818,0.0379195213317871,0.5253640413284302,0.0619095712900161
0.2747381329536438,0.1408369243144989,0.6136442422866821,0.1622282862663269,0.4629758298397064,0.4652036428451538,0.1972851604223251,0.1984543055295944,0.0248813778162002,0.0911610573530197,0.0178017653524875,0.2157564759254455,0.1472748816013336,0.1368008255958557,0.6309819221496582,0.0715150535106659,0.0341010987758636,0.1457002162933349,0.0148041024804115,0.1037940084934234,0.1343574076890945,0.1903678029775619,0.0992635786533355,0.0540346875786781,0.0460097044706344,0.2210835516452789,0.0404697060585022,0.2140713334083557,0.519354522228241,0.2638777494430542,0.2589480876922607,0.0692016556859016,0.0577962473034858,0.1046349182724952,0.0347888320684433,0.257006287574768,0.0949395298957824,0.0725301206111908,0.0379291363060474,0.5250136852264404,0.061764970421791
0.2740376591682434,0.1355323791503906,0.6169763803482056,0.161095917224884,0.463978111743927,0.4627034068107605,0.1933622658252716,0.1967267394065857,0.0238704942166805,0.0885709226131439,0.0184935946017503,0.21298348903656,0.1453607827425003,0.1380704641342163,0.6290627717971802,0.0710729360580444,0.0339585728943347,0.147739440202713,0.0147417914122343,0.1029534488916397,0.1330645233392715,0.1904403269290924,0.0956195294857025,0.0547105856239795,0.0376869663596153,0.2217046618461609,0.0416854359209537,0.2154752761125564,0.527018129825592,0.2637006640434265,0.2636417746543884,0.0696715712547302,0.0579623878002166,0.1069856733083725,0.0354972817003726,0.2596757411956787,0.0969599857926368,0.072572723031044,0.0376436151564121,0.5263863801956177,0.0627167373895645
0.2744548916816711,0.1356828808784485,0.6177517175674438,0.1615225374698639,0.4641236662864685,0.4628453850746155,0.1926546394824981,0.196637362241745,0.0239320211112499,0.0882881134748458,0.0185132585465908,0.2128673791885376,0.1457713991403579,0.1380245685577392,0.6304881572723389,0.071080133318901,0.0339974164962768,0.1479992270469665,0.014749283902347,0.1035450920462608,0.1339240074157714,0.1903585940599441,0.0959174484014511,0.0549670606851577,0.0377849712967872,0.222241461277008,0.0418980792164802,0.2156111747026443,0.5273743867874146,0.2640262246131897,0.2642826437950134,0.0697105601429939,0.0580013766884803,0.1071319505572319,0.035528153181076,0.2604447603225708,0.097231350839138,0.0727772042155265,0.0377198494970798,0.5267537832260132,0.0627487897872924
