AU1,AU2,AU4,AU5,AU6,AU7,AU9,AU10,AU11,AU12,AU13,AU14,AU15,AU16,AU17,AU18,AU19,AU20,AU22,AU23,AU24,AU25,AU26,AU27,AU32,AU38,AU39,AUL1,AUR1,AUL2,AUR2,AUL4,AUR4,AUL6,AUR6,AUL10,AUR10,AUL12,AUR12,AUL14,AUR14
0.4041006565093994,0.2966360449790954,0.032236635684967,0.0959883108735084,0.5892075300216675,0.6871500611305237,0.0818673521280288,0.5319247245788574,0.0091932974755764,0.489559531211853,0.0741113051772117,0.4759425222873688,0.2680232524871826,0.0550267733633518,0.7023158073425293,0.0572653487324714,0.0985325574874877,0.2453669309616089,0.0251706317067146,0.2818655967712402,0.1060902774333953,0.3213059604167938,0.222618281841278,0.1140028089284896,0.0328932404518127,0.1489418596029281,0.0199915692210197,0.2669938802719116,0.4145322442054748,0.2809143662452698,0.3287186622619629,0.1360106766223907,0.1160952150821685,0.1930866837501526,0.0746482387185096,0.1740737408399582,0.0992674827575683,0.1353557407855987,0.0808065384626388,0.2318193316459655,0.0730946660041809
0.3669906556606293,0.2745023071765899,0.0276802591979503,0.097524769604206,0.5645178556442261,0.6851581931114197,0.0807916671037674,0.5043559074401855,0.0100223990157246,0.4709182977676391,0.0871744081377983,0.4580898880958557,0.2361314296722412,0.0576034076511859,0.6423959136009216,0.0615064278244972,0.1153730154037475,0.2557541131973266,0.0290950965136289,0.2515305876731872,0.0773976072669029,0.3255697786808014,0.200408399105072,0.1220351532101631,0.0406480133533477,0.156452938914299,0.0236788839101791,0.2759857177734375,0.4440492689609527,0.2791552543640136,0.3349804282188415,0.1461729705333709,0.121457889676094,0.1917988657951355,0.0771490335464477,0.1710212677717209,0.0973868519067764,0.1389915198087692,0.0824973806738853,0.2393543869256973,0.0731899291276931
0.3753252327442169,0.2785784006118774,0.0279362052679061,0.0967316254973411,0.5632719397544861,0.6835542917251587,0.080052301287651,0.4626621901988983,0.0099745318293571,0.4707613587379455,0.0840015038847923,0.4629194140434265,0.237699419260025,0.05643130838871,0.6456238031387329,0.0610700696706771,0.116216242313385,0.2534244060516357,0.0289022624492645,0.2548944652080536,0.0788541808724403,0.3241099119186401,0.2066344618797302,0.1189656034111976,0.0395201630890369,0.154132604598999,0.0226976741105318,0.2741407752037048,0.4408582150936126,0.2800042629241943,0.3323604762554168,0.1457510441541671,0.1202357560396194,0.1911778301000595,0.076431781053543,0.1650724112987518,0.0920169055461883,0.1373027265071869,0.0823708176612854,0.237261027097702,0.0726239532232284
0.3729232251644134,0.2829857766628265,0.0300444401800632,0.1214548200368881,0.464413583278656,0.6403616666793823,0.0975220948457717,0.3920539617538452,0.0099087618291378,0.3611725568771362,0.0786908119916915,0.4533493220806122,0.1897180825471878,0.0755978748202323,0.6567879915237427,0.074712187051773,0.1131127029657363,0.2673094868659973,0.0368947610259056,0.2316203713417053,0.0899423882365226,0.3048423826694488,0.2015216052532196,0.1158623248338699,0.0284242611378431,0.1757979691028595,0.0215348936617374,0.2814966738224029,0.4328517615795135,0.3126387298107147,0.3220504522323608,0.1660429835319519,0.1348122805356979,0.1938268840312957,0.0595262125134468,0.1965593993663787,0.1172393560409545,0.139012336730957,0.083860382437706,0.2785561680793762,0.0742534399032592
0.3737381994724273,0.2833293080329895,0.030413195490837,0.1207694858312606,0.4666092991828918,0.6418675780296326,0.097653292119503,0.3932183086872101,0.0099233761429786,0.3629010319709778,0.0784738063812255,0.4551573991775512,0.1911796927452087,0.0755153447389602,0.6589576005935669,0.0748964548110961,0.1127963066101074,0.2684185206890106,0.0365681797266006,0.2322022914886474,0.0905045866966247,0.3058108985424042,0.1863148659467697,0.1159477680921554,0.0279546380043029,0.1750337183475494,0.0213875640183687,0.2806072235107422,0.4306995272636413,0.3118211030960083,0.3212744295597076,0.1656623035669326,0.1343825310468673,0.1934879571199417,0.0596033222973346,0.1956395804882049,0.1171265915036201,0.138918250799179,0.0837375745177269,0.2772835791110992,0.0740748643875122
0.3646686971187591,0.2644075751304626,0.0250082295387983,0.0908501893281936,0.5621886253356934,0.6922307014465332,0.1047180145978927,0.4726342558860779,0.0109725445508956,0.4979524612426758,0.0771929174661636,0.4728141725063324,0.2479989528656005,0.0603896155953407,0.6470579504966736,0.0648332983255386,0.126397430896759,0.251018077135086,0.0323208905756473,0.2572200000286102,0.0939335376024246,0.3294501602649688,0.1977851837873459,0.1229339316487312,0.0407726243138313,0.1541561931371688,0.0202894303947687,0.272295594215393,0.4374768137931824,0.2735399007797241,0.3376128077507019,0.1584822386503219,0.1295058727264404,0.2072659730911255,0.0805454328656196,0.166025310754776,0.0972170084714889,0.1407656669616699,0.0850125029683113,0.2460711598396301,0.081113263964653
0.3606894612312317,0.2636899948120117,0.0243578571826219,0.0920171961188316,0.5621194839477539,0.6938547492027283,0.1044793054461479,0.4748654961585998,0.011242089793086,0.5021637082099915,0.0795362442731857,0.4731541872024536,0.2477222084999084,0.0614311285316944,0.6441590189933777,0.0653668940067291,0.1307727992534637,0.2564936280250549,0.0335543155670166,0.2580631375312805,0.0927589386701583,0.3352742195129394,0.1972395777702331,0.1251979768276214,0.042573794722557,0.1552745699882507,0.0209445394575595,0.2733981609344482,0.4398889541625976,0.2744276821613312,0.3371091187000274,0.1793027222156524,0.1474561095237732,0.2087341845035553,0.081805445253849,0.1674518138170242,0.0974511057138443,0.1425880193710327,0.0858401358127594,0.2462126910686493,0.0832061916589737
0.3623116016387939,0.2620126605033874,0.0246982909739017,0.1140251457691192,0.5040886402130127,0.6594173908233643,0.0953975468873977,0.4067714810371399,0.0106095662340521,0.4213329553604126,0.0826815515756607,0.4527017474174499,0.1929740309715271,0.0847007781267166,0.6443941593170166,0.0797134190797805,0.1289763152599334,0.2721669673919678,0.038443949073553,0.2302674204111099,0.0888292491436004,0.3253767490386963,0.1974690556526184,0.1176608055830001,0.0290741510689258,0.1723050326108932,0.0219383724033832,0.2822304368019104,0.4354606866836548,0.3064898252487182,0.3336318731307983,0.1846101135015487,0.1507664918899536,0.1863435506820678,0.0587569698691368,0.167556807398796,0.1011961698532104,0.1500596553087234,0.0890147611498832,0.2575537264347076,0.0874887779355049
0.3607007265090942,0.2586668133735657,0.022877350449562,0.0923378467559814,0.554689884185791,0.6759953498840332,0.1028770133852958,0.4781151413917541,0.0112818703055381,0.508468747138977,0.0774554908275604,0.4677419066429138,0.2353990077972412,0.0619053021073341,0.6226975917816162,0.065752312541008,0.1368128657341003,0.249005913734436,0.0337952747941017,0.2528190910816192,0.0807648599147796,0.3427651524543762,0.200977474451065,0.1267648935317993,0.0431786850094795,0.1538967490196228,0.0212178342044353,0.2738198637962341,0.4372070133686065,0.2731645405292511,0.336258590221405,0.1609127074480056,0.1324473470449447,0.2091306298971176,0.0831049978733062,0.1664649248123169,0.0978342294692993,0.1435951888561248,0.0867520719766616,0.2431247383356094,0.0831765681505203
0.3558439314365387,0.2341339439153671,0.0275277737528085,0.0992359220981597,0.5163279175758362,0.6700192093849182,0.0949989706277847,0.4012428224086761,0.0120715294033288,0.3955909311771393,0.0758752524852752,0.4434343576431274,0.2234511375427246,0.0581867322325706,0.6593410968780518,0.0712936744093895,0.1158864945173263,0.2610614001750946,0.0339185558259487,0.2502342760562897,0.1093413978815078,0.3026556670665741,0.1875449120998382,0.1227534487843513,0.0304743647575378,0.1678903698921203,0.0219007804989814,0.2751085758209228,0.4499232172966003,0.2786275148391723,0.3257356286048889,0.1613114178180694,0.1346770077943802,0.2026944756507873,0.0836235731840133,0.1715191453695297,0.0912457108497619,0.1445687413215637,0.0849645584821701,0.273361325263977,0.0796033293008804
0.3578042984008789,0.2229108214378357,0.025662362575531,0.0961460396647453,0.5219127535820007,0.6779927015304565,0.100927859544754,0.4170540571212768,0.010865744203329,0.437853991985321,0.0726076886057853,0.4330135583877563,0.2136707156896591,0.0534948781132698,0.6374320983886719,0.0721708238124847,0.1102107837796211,0.2638495564460754,0.0301082320511341,0.2352089881896972,0.0919519364833831,0.3131887018680572,0.1922932267189026,0.11918456107378,0.0281771384179592,0.162013828754425,0.0220846775919199,0.2749248445034027,0.4352805018424988,0.2769851088523865,0.3238596320152282,0.1499169170856475,0.1285782754421234,0.1966230273246765,0.0780527740716934,0.1583364605903625,0.0900583043694496,0.1387885808944702,0.0815360695123672,0.2605017125606537,0.0734684914350509
0.3478277623653412,0.2527238130569458,0.0266298092901706,0.0988208800554275,0.5065475702285767,0.6764065027236938,0.1003936380147934,0.4409629702568054,0.0104720499366521,0.4342916011810303,0.0701119825243949,0.4263039231300354,0.2022454142570495,0.0541688725352287,0.634423017501831,0.0728125050663948,0.1101164519786834,0.2598138451576233,0.0303054954856634,0.2308855056762695,0.0892327353358268,0.3142150640487671,0.1891733258962631,0.1197550594806671,0.0284351278096437,0.1622833460569381,0.0236887354403734,0.2768186330795288,0.4460649490356445,0.2805132269859314,0.3344015479087829,0.1509666591882705,0.1277551651000976,0.1934554576873779,0.0637927502393722,0.1798601746559143,0.0988617092370987,0.1399372667074203,0.0818477123975753,0.2590235471725464,0.072852149605751
0.3521991372108459,0.2546862363815307,0.0350772738456726,0.1372624337673187,0.4368723630905151,0.6565316319465637,0.1073140129446983,0.3861446678638458,0.0101203341037034,0.3246709108352661,0.0906592383980751,0.4303979873657226,0.1939993202686309,0.0751640126109123,0.7014505863189697,0.0807438567280769,0.1097785308957099,0.2766249775886535,0.0415983647108078,0.2649462223052978,0.1255308091640472,0.2858207821846008,0.2088219970464706,0.1205664426088333,0.0285886600613594,0.1861384510993957,0.0213463753461837,0.2744659781455993,0.4311627745628357,0.3115489482879638,0.3081768453121185,0.1678753793239593,0.1428600996732711,0.1842805296182632,0.062290996313095,0.1940136551856994,0.1028486639261245,0.1407154649496078,0.0797028988599777,0.2610059380531311,0.0857626795768737
0.3533414304256439,0.2381318658590316,0.0246901623904705,0.107857160270214,0.5026028156280518,0.6764307022094727,0.0980475395917892,0.4427922070026397,0.010033706203103,0.4244874715805053,0.0782652273774147,0.4397885501384735,0.1954642832279205,0.0526382811367511,0.6354512572288513,0.0737830102443695,0.1146373003721237,0.2631033062934875,0.0308773405849933,0.2360612601041793,0.0888971760869026,0.3048732280731201,0.1884932518005371,0.1204753071069717,0.031308926641941,0.1680153906345367,0.0221525523811578,0.2744896709918976,0.4300829470157623,0.2856091856956482,0.3159092664718628,0.1507785320281982,0.1299092173576355,0.1849681735038757,0.0808732807636261,0.1628816276788711,0.0904702618718147,0.1371341943740844,0.0808867812156677,0.2538602352142334,0.0746894925832748
0.3704772591590881,0.3007415235042572,0.0322162955999374,0.1428080201148986,0.438258945941925,0.6343539953231812,0.1023817211389541,0.3892066776752472,0.0095715578645467,0.3216832280158996,0.0942501723766326,0.4506198167800903,0.1914812624454498,0.0751356482505798,0.711296796798706,0.0736167877912521,0.1154974997043609,0.289032518863678,0.044101282954216,0.274037629365921,0.1282206773757934,0.2882506251335144,0.2147652804851532,0.1212525218725204,0.0293912235647439,0.1872670650482177,0.0218707118183374,0.274113267660141,0.4349730610847473,0.3241970539093017,0.3168134093284607,0.1761886775493621,0.1443106681108474,0.1847393810749054,0.0659470334649086,0.1969044208526611,0.1060039699077606,0.1428415328264236,0.0821797102689743,0.2534636259078979,0.090000107884407
0.4003961682319641,0.2981886565685272,0.0326512493193149,0.1260552406311035,0.4814201593399048,0.6577532291412354,0.0934290364384651,0.416913628578186,0.0111516313627362,0.3718124628067016,0.0807567834854126,0.4782299995422363,0.2085770070552826,0.0736826211214065,0.6780177354812622,0.0790791064500808,0.1170751005411148,0.2847332656383514,0.0385944880545139,0.2463857233524322,0.1099765747785568,0.3081003427505493,0.2101974189281463,0.1150332689285278,0.028260488063097,0.1766717582941055,0.0205651894211769,0.2751169204711914,0.4355998337268829,0.3142997026443481,0.3389296531677246,0.1819656044244766,0.1451335847377777,0.2004713416099548,0.0642113834619522,0.1933117508888244,0.1126059517264366,0.1467551738023758,0.0868946313858032,0.2740394473075866,0.0809575170278549
0.4019556641578674,0.2974271774291992,0.0299897119402885,0.1260895282030105,0.4874246120452881,0.6622275114059448,0.0935730189085006,0.4233800768852234,0.011376928538084,0.3824499249458313,0.0844132602214813,0.4816278517246246,0.2104263603687286,0.0744351148605346,0.6758229732513428,0.0730813071131706,0.1203450411558151,0.285379946231842,0.0397466644644737,0.2439485490322113,0.1090313196182251,0.3140277862548828,0.2077448368072509,0.1162597611546516,0.0285680722445249,0.1766043752431869,0.0209371242672204,0.2742029428482055,0.4342773854732513,0.3139845132827759,0.3390101790428161,0.1861907243728637,0.1478708982467651,0.2015753388404846,0.066226802766323,0.1944455206394195,0.1142739504575729,0.1502203047275543,0.0886818394064903,0.274261474609375,0.0846015661954879
0.4110889434814453,0.2973723113536834,0.0286041535437107,0.1128397136926651,0.5020023584365845,0.67286616563797,0.0970166474580764,0.4394815564155578,0.01166258379817,0.419003963470459,0.0917787551879882,0.4760216176509857,0.2374922186136245,0.0844490081071853,0.6990240812301636,0.0722678750753402,0.1295075118541717,0.2882141470909118,0.0421604178845882,0.262462854385376,0.1158656403422355,0.3309524059295654,0.2136826515197754,0.1210010945796966,0.0275871232151985,0.1776509284973144,0.0221087038516998,0.2740238606929779,0.4296467304229736,0.3112651705741882,0.3359346985816955,0.1920092403888702,0.1522579193115234,0.2049680650234222,0.0695995837450027,0.2001582086086273,0.1180991008877754,0.1524484455585479,0.0903524011373519,0.2509218156337738,0.0961416438221931
0.4094269275665283,0.2976404428482055,0.0270267464220523,0.1138767600059509,0.4973990321159363,0.6711248755455017,0.0966576039791107,0.4386319518089294,0.0114270374178886,0.4146101176738739,0.0936690717935562,0.4736807346343994,0.2300421297550201,0.0867417752742767,0.689852774143219,0.0720384642481803,0.1307312697172165,0.2896521687507629,0.0426454171538353,0.2559131383895874,0.1083906888961792,0.332118958234787,0.2116098999977111,0.1218662783503532,0.0280372407287359,0.1798790395259857,0.0227944105863571,0.2755163311958313,0.4343036413192749,0.311236560344696,0.3368761837482452,0.1928485780954361,0.1521002799272537,0.2057019174098968,0.0704884380102157,0.2001891136169433,0.1179838106036186,0.1525618135929107,0.0900508537888526,0.2522115409374237,0.0964108407497406
0.3611356914043426,0.2650547623634338,0.0240181814879179,0.0976608470082283,0.5253394246101379,0.6789004802703857,0.1008876264095306,0.4572840929031372,0.0106728486716747,0.4422003328800201,0.0855505540966987,0.4533013105392456,0.2232967615127563,0.0801876187324523,0.6453872919082642,0.0676064044237136,0.1229903399944305,0.2712239623069763,0.0341205075383186,0.2429306507110595,0.0920402407646179,0.3251169919967651,0.1899693012237548,0.124245598912239,0.0282478034496307,0.1654832512140274,0.0216503515839576,0.2772105932235718,0.4560023844242096,0.2827565670013428,0.3452968597412109,0.1847628206014633,0.1507050693035125,0.2089931070804596,0.083914503455162,0.1871901750564575,0.108197383582592,0.1448560953140258,0.0840538293123245,0.2552986741065979,0.0807721465826034
0.3631512522697449,0.2658199667930603,0.0242806300520896,0.0981408655643463,0.5239784717559814,0.676410436630249,0.100852333009243,0.4537869691848755,0.0107126235961914,0.4386712908744812,0.0865233838558197,0.4517527818679809,0.2199507057666778,0.0802588313817977,0.6433699131011963,0.0675691664218902,0.1223078072071075,0.2707649171352386,0.034008003771305,0.2410095334053039,0.0912670865654945,0.3231893181800842,0.189980000257492,0.1241137385368347,0.028666716068983,0.1655176877975464,0.0215799957513809,0.276847243309021,0.4573431313037872,0.2831186950206756,0.3467536866664886,0.1843720227479934,0.1501527726650238,0.207297146320343,0.0832045823335647,0.1870897114276886,0.108112558722496,0.1443318724632263,0.0838637948036193,0.2553766965866089,0.0803435146808624
0.3738231658935547,0.2904231250286102,0.03074412047863,0.132686048746109,0.4572591483592987,0.6298984289169312,0.0993899852037429,0.3949066400527954,0.0112910121679306,0.3606268763542175,0.0912365913391113,0.461448609828949,0.1967149078845977,0.0886235013604164,0.6836533546447754,0.069676324725151,0.1214716434478759,0.2908119559288025,0.0440161265432834,0.2486610263586044,0.1089232116937637,0.3021910786628723,0.2048043608665466,0.1216789111495018,0.0276626963168382,0.1808461248874664,0.0239815935492515,0.2768056988716125,0.4320127367973327,0.3282352089881897,0.3216071724891662,0.1835718005895614,0.1389098614454269,0.1979221999645233,0.0700520947575569,0.2071214020252227,0.1124208718538284,0.1492378115653991,0.0859998017549514,0.2529011368751526,0.0930325984954834
0.3691608905792236,0.2910793721675873,0.0293930452316999,0.1371487975120544,0.4707624912261963,0.6658306121826172,0.1006577908992767,0.4042375087738037,0.0102974735200405,0.371079683303833,0.0963560044765472,0.4581179916858673,0.1920007765293121,0.085165187716484,0.6882684230804443,0.0753630250692367,0.1215330585837364,0.2945050597190857,0.0461539477109909,0.2713295221328735,0.124815933406353,0.310542345046997,0.2143764197826385,0.1230112761259079,0.0297722294926643,0.180495411157608,0.0229334570467472,0.272154152393341,0.4287646412849426,0.3230134546756744,0.3154841065406799,0.1878760159015655,0.1457588970661163,0.17636039853096,0.065071240067482,0.2015087902545929,0.1100991517305374,0.1477638632059097,0.0854803398251533,0.2512531876564026,0.0946191400289535
0.3566249907016754,0.2886926233768463,0.0315226018428802,0.1325719952583313,0.4553624093532562,0.6594801545143127,0.1013826876878738,0.4049921035766601,0.0105282384902238,0.3612498641014099,0.092077612876892,0.4636045098304748,0.1939494013786316,0.0780664384365081,0.6952556371688843,0.0750240832567215,0.1162420958280563,0.2935889363288879,0.0440564826130867,0.2768954634666443,0.1354137510061264,0.2996280193328857,0.2121826559305191,0.121866688132286,0.0302675180137157,0.1762917637825012,0.0222172178328037,0.2717786431312561,0.4317850172519684,0.3177385330200195,0.3172314763069153,0.1835404336452484,0.1458668112754821,0.191818431019783,0.067851573228836,0.1984673738479614,0.1076226606965065,0.1441148966550827,0.0842007994651794,0.2517387568950653,0.0929246991872787
0.3554913997650146,0.2869889438152313,0.0307975821197032,0.131552368402481,0.4551742672920227,0.6623876690864563,0.1017150431871414,0.4064019322395324,0.0105288382619619,0.3636476397514343,0.0901547819375991,0.4634667038917541,0.193929374217987,0.0770347937941551,0.6955869197845459,0.0743873417377471,0.115150362253189,0.2928750216960907,0.0432438626885414,0.2757499814033508,0.1326379925012588,0.3008115589618683,0.2110678255558014,0.1216041296720504,0.0297481957823038,0.1758740842342376,0.0219608955085277,0.2718567252159118,0.4274289011955261,0.3165998458862304,0.3136342465877533,0.1817390024662017,0.1446343958377838,0.1898137032985687,0.0671941339969635,0.197529524564743,0.1059387624263763,0.1439616680145263,0.0842020735144615,0.2501741349697113,0.0918346345424652
0.3584243357181549,0.290446013212204,0.0277406051754951,0.1362310051918029,0.4504397809505462,0.6613563299179077,0.0987893342971801,0.4045411944389343,0.0102350888773798,0.3646122813224792,0.0962695926427841,0.4648052752017975,0.1979464292526245,0.0787764713168144,0.6944051384925842,0.0760401487350463,0.1182998269796371,0.2974891364574432,0.0452159903943538,0.2753965556621551,0.1342597007751464,0.303037941455841,0.2115493714809417,0.1219737902283668,0.0299972780048847,0.1790124326944351,0.022859277203679,0.2734778225421905,0.4263623654842376,0.3179624080657959,0.3105014264583587,0.1839954704046249,0.148014634847641,0.190299242734909,0.069969467818737,0.1972313225269317,0.1056428775191307,0.1456486284732818,0.084175206720829,0.2504700720310211,0.0935273468494415
0.3591920137405395,0.2907571494579315,0.028135996311903,0.1362712234258651,0.4512321352958679,0.6601517796516418,0.0993189960718154,0.4032077193260193,0.0103043625131249,0.3622589409351349,0.0968933328986167,0.4655674695968628,0.1977879106998443,0.0783213004469871,0.6958844065666199,0.0754548609256744,0.1177273392677307,0.2967001795768738,0.0448340848088264,0.2752678096294403,0.1347395628690719,0.3013069629669189,0.2113348096609115,0.1215587630867958,0.02982615865767,0.1781071871519088,0.0229179579764604,0.2733120918273926,0.4259545505046844,0.3172808289527893,0.3110067844390869,0.1835259795188903,0.1473248302936554,0.189836636185646,0.0695972070097923,0.1968743503093719,0.1052718013525009,0.1450519263744354,0.0840993225574493,0.2492702901363372,0.0931974500417709
0.3230504989624023,0.275786280632019,0.027719397097826,0.1363711059093475,0.4373367428779602,0.6532161831855774,0.1030330955982208,0.3841859102249145,0.0109255025163292,0.3513649106025696,0.0985107868909835,0.4564775228500366,0.1943891793489456,0.0800001099705696,0.6940972208976746,0.0788056850433349,0.1165470480918884,0.3047919869422912,0.04424499720335,0.2674847841262817,0.1400091350078582,0.2890473008155823,0.2036455571651458,0.1256020069122314,0.0312269143760204,0.1853801608085632,0.02426153793931,0.2783682346343994,0.4307008385658264,0.3205496072769165,0.3099104762077331,0.1818493753671646,0.14881432056427,0.192873403429985,0.0705906599760055,0.1987151205539703,0.1045793145895004,0.1457785964012146,0.0839145258069038,0.2561835646629333,0.0949740707874298
0.3274431228637695,0.2772321701049804,0.0289480090141296,0.1353644877672195,0.4383280873298645,0.655158519744873,0.1041628271341323,0.3866593539714813,0.0109905749559402,0.3512607216835022,0.0984016805887222,0.455646276473999,0.1951263546943664,0.0768580958247184,0.6944671869277954,0.079172283411026,0.1151729524135589,0.3032698035240173,0.0439802035689353,0.2694323062896728,0.1401343196630478,0.2907179594039917,0.2068861722946167,0.1248180568218231,0.0307939369231462,0.1841952800750732,0.0238732602447271,0.277588427066803,0.428285539150238,0.3201918005943298,0.3098582625389099,0.1801445186138153,0.1478835046291351,0.1923435032367706,0.0698882043361663,0.1971885412931442,0.1052592992782592,0.1453752368688583,0.083792045712471,0.2536284923553467,0.093121163547039
0.3533367216587066,0.2523673176765442,0.0256617572158575,0.1044111922383308,0.4700660705566406,0.6392223834991455,0.0904081761837005,0.3788407146930694,0.011209724470973,0.3799936771392822,0.0906690061092376,0.4505952894687652,0.1991543173789978,0.0744491815567016,0.6689997911453247,0.0746298730373382,0.1251479685306549,0.290339857339859,0.0404105558991432,0.2312708050012588,0.1022151857614517,0.3093544542789459,0.1959391236305236,0.1215044558048248,0.0305305980145931,0.1786459386348724,0.0244017243385314,0.2852225303649902,0.4341785013675689,0.3070853948593139,0.3325827121734619,0.1899100244045257,0.1542707234621048,0.2082419097423553,0.0782417505979538,0.1734554767608642,0.0976176336407661,0.1523564159870147,0.0903666764497757,0.2591486573219299,0.0879601016640663
0.3336422443389892,0.2455568015575409,0.0252394676208496,0.0930559784173965,0.5265353918075562,0.6607590913772583,0.0977529510855674,0.4189477562904358,0.0110772177577018,0.4271594285964966,0.0765424966812133,0.4398674368858337,0.2125820219516754,0.0564105883240699,0.642509937286377,0.0663239285349845,0.1146871596574783,0.2732574045658111,0.0322016105055809,0.2230789959430694,0.0892292410135269,0.2996440529823303,0.1864419430494308,0.1255180388689041,0.0306471269577741,0.1608204841613769,0.0248459950089454,0.2815600037574768,0.4543271660804748,0.2713088691234588,0.3414740562438965,0.1612639725208282,0.1321675926446914,0.2027657032012939,0.081081211566925,0.1690947711467743,0.0864107087254524,0.1407926976680755,0.0851597562432289,0.2580355107784271,0.0714920610189437
0.3157794177532196,0.2541826963424682,0.0262604169547557,0.1044713631272316,0.5139303803443909,0.6462683081626892,0.0929660499095916,0.3917068839073181,0.0112145114690065,0.3811408877372741,0.0825404673814773,0.4481042027473449,0.2244807183742523,0.0952739119529724,0.6454067826271057,0.0691253095865249,0.1150904521346092,0.2710152864456177,0.0378433391451835,0.221810445189476,0.0992220565676689,0.2784881591796875,0.168394535779953,0.1293070912361145,0.0329914577305316,0.1739397048950195,0.0240090861916542,0.2834867835044861,0.4811775684356689,0.278142511844635,0.3437960147857666,0.1658493280410766,0.1342183202505111,0.209720030426979,0.0852716118097305,0.171099454164505,0.0886612385511398,0.1417080014944076,0.0831065401434898,0.2652806043624878,0.0732857063412666
0.3233407735824585,0.2566757798194885,0.0287166573107242,0.1051749810576438,0.5117408037185669,0.6540241241455078,0.0941013991832733,0.3903656303882599,0.0112664783373475,0.3763992190361023,0.0822876691818237,0.4466978907585144,0.2266234159469604,0.0940281450748443,0.6498196125030518,0.0686312541365623,0.1140441596508026,0.2705894112586975,0.0378586500883102,0.2219342589378357,0.1002146750688552,0.277752161026001,0.1695497035980224,0.128189131617546,0.0325806364417076,0.1747573316097259,0.0237213782966136,0.2828656435012817,0.4777909517288208,0.2792966663837433,0.3420861065387726,0.183841198682785,0.1459639221429824,0.2093783617019653,0.0846493244171142,0.1720239818096161,0.0887445285916328,0.1412128806114196,0.082935556769371,0.2649705111980438,0.0728508979082107
0.336517333984375,0.2418491691350937,0.0236075669527053,0.0922675430774688,0.542593240737915,0.668684184551239,0.1009526401758194,0.4395745396614074,0.010959880426526,0.4707669615745544,0.0767334923148155,0.4471411108970642,0.2336313724517822,0.0570382736623287,0.6470212340354919,0.0673113018274307,0.1203125119209289,0.2771013975143432,0.0316479802131652,0.235769584774971,0.0945030152797699,0.3231149911880493,0.1938453614711761,0.1250465214252472,0.0278166010975837,0.1578603386878967,0.0245022010058164,0.279546320438385,0.4407235383987427,0.2688111662864685,0.3356992304325104,0.1596189141273498,0.1320089399814605,0.2064442932605743,0.0821492001414299,0.1694957315921783,0.0935839116573333,0.1441391110420227,0.0865883827209472,0.2466661036014557,0.0744898095726966
0.3488450050354004,0.256208598613739,0.0241720862686634,0.118695929646492,0.467526227235794,0.6378310918807983,0.090513527393341,0.3976476788520813,0.0109497960656881,0.4168390929698944,0.0922210738062858,0.4565246701240539,0.2033989429473877,0.0740398839116096,0.668410062789917,0.0765754207968711,0.1293745040893554,0.2957114577293396,0.0401597060263156,0.2413125932216644,0.111198715865612,0.3150281310081482,0.1992517858743667,0.1175678223371505,0.0293383970856666,0.1785365939140319,0.023260124027729,0.285687118768692,0.4267424345016479,0.3072296380996704,0.3305276334285736,0.1883771121501922,0.1550815850496292,0.2102626860141754,0.0784734189510345,0.1946842670440673,0.1090949475765228,0.1530321538448333,0.091699793934822,0.2552777826786041,0.0868454575538635
0.3390492498874664,0.2745393514633178,0.029754975810647,0.1347385346889495,0.4546294808387756,0.6486459970474243,0.0980080813169479,0.3811074495315552,0.0109269814565777,0.3779870569705963,0.1021501645445823,0.4434013068675995,0.2119009792804718,0.0776281356811523,0.6971325278282166,0.0825587660074234,0.12054243683815,0.297470360994339,0.0457762666046619,0.2800348103046417,0.1620278060436248,0.300728440284729,0.2103008925914764,0.1203585863113403,0.0297250635921955,0.1908412724733352,0.0226183496415615,0.2820425033569336,0.4188851714134216,0.3238562643527984,0.3092894256114959,0.1822631061077118,0.1534557938575744,0.194149449467659,0.0790293216705322,0.1982367634773254,0.1095488518476486,0.1498711705207824,0.0858675390481948,0.2573345899581909,0.093151070177555
0.3348990678787231,0.2744511067867279,0.0284331608563661,0.1351970434188842,0.4533490538597107,0.6483324766159058,0.0982376635074615,0.3810803294181824,0.0110556567087769,0.3796642422676086,0.1026502698659896,0.4437564015388489,0.2122400104999542,0.0776417106389999,0.6976510882377625,0.0828893333673477,0.1209406778216362,0.2994037568569183,0.0461837202310562,0.2811550796031952,0.1637186110019683,0.3003481924533844,0.2093093246221542,0.1206963062286377,0.0301019996404647,0.1910225450992584,0.0227088369429111,0.2834115624427795,0.4191179275512695,0.3237723112106323,0.3091652989387512,0.1829755008220672,0.1544585824012756,0.1951947212219238,0.0787411928176879,0.1986420452594757,0.1088415756821632,0.1496525257825851,0.0855917036533355,0.2581620812416076,0.0930760502815246
0.3320326507091522,0.2760835587978363,0.0220591444522142,0.1429128348827362,0.4461586773395538,0.6065724492073059,0.0919748991727829,0.3439989686012268,0.0074238451197743,0.3029561042785644,0.1123530939221382,0.4415250122547149,0.1768610775470733,0.0854022875428199,0.6896946430206299,0.0846872180700302,0.1170298904180526,0.3223571479320526,0.0497604310512542,0.2368657141923904,0.1305720657110214,0.2891549468040466,0.1866224110126495,0.1278519034385681,0.0394965671002864,0.2022219896316528,0.0290242731571197,0.2850207984447479,0.4543069005012512,0.3509313464164734,0.3144412338733673,0.2021284848451614,0.156737595796585,0.1787761449813842,0.072216510772705,0.2026899605989456,0.1102349758148193,0.1448427885770797,0.083448976278305,0.2783438265323639,0.1028655916452407
0.3364529609680176,0.2793524861335754,0.0249673500657081,0.1368039548397064,0.4124768674373626,0.614534854888916,0.0963843986392021,0.3488021194934845,0.0070964992046356,0.3213661611080169,0.1001176014542579,0.4324993193149566,0.1782334446907043,0.0753959715366363,0.6775956153869629,0.0825270041823387,0.1161947920918464,0.2932405769824981,0.0431995429098606,0.2421425431966781,0.1268821954727172,0.2916797995567322,0.2008882313966751,0.1178089380264282,0.0308065582066774,0.1903721094131469,0.0235810671001672,0.2816221714019775,0.4246884286403656,0.3276149034500122,0.3040968775749206,0.1759194582700729,0.1448983401060104,0.1869812607765197,0.069128468632698,0.1965905874967575,0.108080118894577,0.1357520818710327,0.0769490376114845,0.2564561069011688,0.087035559117794
0.3424280881881714,0.2770666778087616,0.0235016383230686,0.137473464012146,0.4499701559543609,0.6227713823318481,0.0966180115938186,0.3580778241157532,0.0074128988198935,0.3153018355369568,0.1072382181882858,0.4464277625083923,0.1745878905057907,0.0833736360073089,0.686506450176239,0.0834317207336425,0.1133300140500068,0.32330322265625,0.0462448894977569,0.2396039366722107,0.1249938458204269,0.2999815046787262,0.1878660768270492,0.1246075928211212,0.0379279293119907,0.1958685517311096,0.0267662145197391,0.2808165550231933,0.44183349609375,0.3491201400756836,0.3078840970993042,0.1957645267248153,0.1529241353273391,0.196762129664421,0.0865585803985595,0.1955310553312301,0.1083544269204139,0.1457352489233017,0.0846582651138305,0.2752579152584076,0.1029772982001304
0.3337553441524505,0.2752624452114105,0.0266052559018135,0.1300914585590362,0.4309450387954712,0.645738422870636,0.1019329279661178,0.3855678141117096,0.0096067991107702,0.3504137396812439,0.1009093523025512,0.4405493140220642,0.1829464733600616,0.0759311318397522,0.6990616917610168,0.0814323052763938,0.1168070659041404,0.29987633228302,0.0425610058009624,0.2535401582717895,0.1241605505347251,0.2971534729003906,0.2056068778038025,0.1203316301107406,0.0282133184373378,0.1851280629634857,0.0227572545409202,0.2808723747730255,0.4167538285255432,0.3260733485221863,0.3012415170669555,0.175741970539093,0.1455310881137848,0.1894198358058929,0.0691631212830543,0.1929711252450943,0.1053070574998855,0.14610156416893,0.0834058448672294,0.2513887286186218,0.0877611637115478
0.3159843385219574,0.2339780926704406,0.0277411080896854,0.088552251458168,0.5137660503387451,0.6543539762496948,0.1001807153224945,0.4104990065097809,0.0173946619033813,0.4341626763343811,0.0767266452312469,0.4205530285835266,0.2009138464927673,0.0526637136936187,0.6476951241493225,0.0765515565872192,0.1057568788528442,0.2697721719741821,0.0288019217550754,0.2259460985660553,0.0985314548015594,0.3011248409748077,0.1838290095329284,0.1149909645318985,0.0303697884082794,0.1647046655416488,0.0224025622010231,0.2794776558876037,0.4417687952518463,0.2770427763462066,0.3359739184379577,0.1519262045621872,0.1331031173467636,0.1944541186094284,0.0728518292307853,0.1611299663782119,0.083439752459526,0.132112056016922,0.0836796909570694,0.2653311491012573,0.0712146162986755
0.3118627369403839,0.2175619304180145,0.026059690862894,0.0954218357801437,0.4843366742134094,0.6480007171630859,0.0963296219706535,0.3830493688583374,0.011943420395255,0.3957292437553406,0.087584301829338,0.4313709735870361,0.1955865323543548,0.0559114888310432,0.6485249400138855,0.0820058435201644,0.1116112023591995,0.2837153971195221,0.0347999110817909,0.2266821563243866,0.1099237650632858,0.2976306676864624,0.1693346351385116,0.1208700686693191,0.0374209806323051,0.1731817126274109,0.0232157539576292,0.283278077840805,0.4499751329421997,0.2867310047149658,0.3335880041122436,0.1676338762044906,0.1438783109188079,0.2077381014823913,0.079158991575241,0.1666688919067382,0.0906192809343338,0.1441659927368164,0.0870236381888389,0.2786676287651062,0.0814450532197952
0.301243782043457,0.2348526120185852,0.0272360406816005,0.0873458608984947,0.5095648169517517,0.6569234132766724,0.1036513224244117,0.3939712047576904,0.017265498638153,0.4280796647071838,0.0812243521213531,0.4221572875976562,0.1925475895404815,0.0528762601315975,0.6359788179397583,0.0783741027116775,0.1059549152851104,0.2770849764347076,0.0288855321705341,0.2170931845903396,0.0949308425188064,0.284057080745697,0.1756259202957153,0.1183447986841201,0.0322025902569294,0.1639586687088012,0.0226285122334957,0.2833878993988037,0.4479742646217346,0.2767836451530456,0.3375650644302368,0.1526138186454773,0.1314460933208465,0.1939558088779449,0.0737719386816024,0.1607148051261901,0.0824058800935745,0.1449002474546432,0.0810763537883758,0.2653428018093109,0.0687537491321563
0.3284591138362884,0.2853806018829345,0.0245446003973484,0.1313515901565551,0.4220303893089294,0.626676082611084,0.1017334833741188,0.3484621942043304,0.0096018258482217,0.328568696975708,0.1061049774289131,0.4380850493907928,0.1761777997016906,0.0729300081729888,0.6776218414306641,0.0798515230417251,0.1166714951395988,0.2962267994880676,0.0410782173275947,0.240090399980545,0.1228996962308883,0.2774719595909118,0.2013380080461502,0.1207989305257797,0.0295352507382631,0.1827973127365112,0.0240551941096782,0.2807639241218567,0.4304462671279907,0.3243567645549774,0.3064259588718414,0.172521024942398,0.1394727528095245,0.1870000213384628,0.0685393214225769,0.1796802580356598,0.0952703803777694,0.1407041996717453,0.0808582529425621,0.2492295503616333,0.0850152522325515
0.372829258441925,0.2743720412254333,0.0289318263530731,0.1161132082343101,0.4829501509666443,0.6400660276412964,0.099018707871437,0.3903351426124573,0.0115382056683301,0.4279952347278595,0.0917536541819572,0.4688843190670013,0.2158990502357483,0.0803196877241134,0.6749385595321655,0.0680201277136802,0.1275260001420974,0.3002058863639831,0.0398771166801452,0.252944141626358,0.1109831184148788,0.3205748796463012,0.2058749794960022,0.1103907153010368,0.0270617976784706,0.1709321737289428,0.0265584159642457,0.2822120785713196,0.4214624762535095,0.312993586063385,0.3281562626361847,0.1679598242044448,0.154763787984848,0.2076721042394638,0.0742715075612068,0.1767769604921341,0.1060787439346313,0.1516946852207183,0.0906227678060531,0.2492185831069946,0.0905700400471687
0.3090675473213196,0.2309779226779937,0.0283035039901733,0.0820213556289672,0.5239337086677551,0.6614338159561157,0.1034352853894233,0.402323842048645,0.0180991664528846,0.4328737556934356,0.0848781839013099,0.4215147197246551,0.1977567374706268,0.0515873096883297,0.6484571099281311,0.0795842409133911,0.1092231422662735,0.277397871017456,0.029100514948368,0.2216000407934188,0.0983516424894332,0.2987270653247833,0.1744533330202102,0.1187744736671447,0.0323812775313854,0.1644945591688156,0.0229365993291139,0.2814421355724334,0.440251886844635,0.2766382992267608,0.3385072350502014,0.1528996974229812,0.1314024031162262,0.1939491778612136,0.076728269457817,0.1635988503694534,0.0836644619703292,0.1480369120836258,0.0840291529893875,0.2624246776103973,0.071695327758789
0.3745893537998199,0.2676555514335632,0.0292187929153442,0.0992166623473167,0.4884837567806244,0.6471694111824036,0.0958395153284072,0.4272998869419098,0.0117366760969161,0.4352780878543854,0.0886335968971252,0.4758607745170593,0.2246074229478836,0.0826799124479293,0.6733539700508118,0.0673030540347099,0.1303206384181976,0.2946430742740631,0.0408873334527015,0.255289077758789,0.1089862734079361,0.3302881717681885,0.2055804431438446,0.1126634776592254,0.0252900626510381,0.1705855727195739,0.0268810279667377,0.2842456698417663,0.4213785231113434,0.3149755001068115,0.3307936191558838,0.1702385544776916,0.1570702791213989,0.2113847732543945,0.07606802880764,0.1985001564025879,0.1140547841787338,0.1558948457241058,0.0929141789674758,0.2486660778522491,0.0930251628160476
0.3760781288146972,0.2665465474128723,0.0294645577669143,0.0997005552053451,0.4864580035209656,0.6441824436187744,0.0969069972634315,0.3985793590545654,0.011377808637917,0.4308302402496338,0.0901409834623336,0.4716184437274933,0.2180518209934234,0.0803897976875305,0.6699766516685486,0.0672100633382797,0.1312610208988189,0.294111430644989,0.0405254140496254,0.2522367835044861,0.1065092533826828,0.3295551240444183,0.2047888934612274,0.1135681569576263,0.0251120291650295,0.1708841323852539,0.0269650369882583,0.2838866710662842,0.4216530323028564,0.3150074481964111,0.3305240273475647,0.1698200702667236,0.1564121544361114,0.2102603316307068,0.0756056755781173,0.1771330684423446,0.1059760451316833,0.1556153446435928,0.0926671475172042,0.249506875872612,0.0931169688701629
0.362770140171051,0.2649897634983063,0.0290151014924049,0.1128716170787811,0.4809830784797668,0.6493403315544128,0.0974831953644752,0.3979809582233429,0.0107275685295462,0.4332177639007568,0.0910616219043731,0.4643397331237793,0.2102995216846466,0.0815090760588646,0.6590621471405029,0.0706463754177093,0.1286680400371551,0.2931355237960815,0.0392610728740692,0.2490963190793991,0.1040631458163261,0.3246824145317077,0.2042004764080047,0.1128458231687545,0.0268543474376201,0.1695837378501892,0.0227364972233772,0.2864267230033874,0.4246610999107361,0.3103852868080139,0.3318965435028076,0.1694830656051635,0.15507772564888,0.2060626000165939,0.0742681324481964,0.1753628253936767,0.1031984761357307,0.1534062922000885,0.0904705822467804,0.2456004619598388,0.0893178433179855
0.384443998336792,0.2817104458808899,0.0244914107024669,0.1246809214353561,0.4738489985466003,0.6460154056549072,0.087685689330101,0.4017106890678406,0.0114480759948492,0.3897272050380707,0.0958666056394577,0.4708890914916992,0.1947483718395233,0.0848710834980011,0.6728684902191162,0.0786755383014679,0.1209204345941543,0.2940176129341125,0.0412500724196434,0.2407319247722625,0.1059965193271637,0.3125782310962677,0.1917488574981689,0.1151236593723297,0.0304865799844265,0.1771276891231537,0.0235580019652843,0.2814539670944214,0.4262197613716125,0.3358106315135956,0.3310555517673492,0.1927495598793029,0.1498599350452423,0.2072563767433166,0.0730757042765617,0.1956073641777038,0.1098704040050506,0.1535307765007019,0.0917014181613922,0.2654744684696197,0.0956192165613174
0.3355284333229065,0.2558531761169433,0.0303761046379804,0.1090196892619133,0.4856338500976562,0.6491596698760986,0.1004428043961525,0.3975936472415924,0.0110465204343199,0.4154906868934631,0.0843111127614975,0.4612709581851959,0.2124996483325958,0.072447545826435,0.6605708599090576,0.0726241767406463,0.1191500201821327,0.2920040488243103,0.0359194576740264,0.2518002390861511,0.1149116829037666,0.3114915788173675,0.2014927417039871,0.1151085793972015,0.0277365576475858,0.1669034361839294,0.0217507593333721,0.2863625586032867,0.4362860023975372,0.3052047193050384,0.3350562453269958,0.164152055978775,0.1544650197029113,0.202041208744049,0.0730836540460586,0.1688767373561859,0.095565028488636,0.1525472104549408,0.0890458300709724,0.2502711415290832,0.0807946547865867
0.338466465473175,0.2545671164989471,0.0310910642147064,0.1106939241290092,0.4879660904407501,0.6478421688079834,0.0996734946966171,0.395217627286911,0.0111039448529481,0.4064857959747314,0.0850123688578605,0.4573545157909393,0.2114450335502624,0.0732597261667251,0.6611002087593079,0.0734927505254745,0.1194296032190322,0.289509654045105,0.0366412475705146,0.2496976852416992,0.1151158660650253,0.3124585151672363,0.2010044157505035,0.1155394613742828,0.0278392750769853,0.1690044105052948,0.0219878461211919,0.2853019535541534,0.4395403861999511,0.3071925640106201,0.3393352031707763,0.1659080684185028,0.15547476708889,0.2047455906867981,0.0727247446775436,0.1712788194417953,0.0973381549119949,0.1537715494632721,0.0898725017905235,0.254054844379425,0.0811513364315033
0.3399588763713836,0.2601698637008667,0.0310344044119119,0.1173233166337013,0.4747839570045471,0.6188495755195618,0.083789974451065,0.3637612462043762,0.0115352366119623,0.3191543817520141,0.1095879077911377,0.4661320447921753,0.1773321032524109,0.0836076736450195,0.6714216470718384,0.0834780558943748,0.1068600714206695,0.2953507006168365,0.0404689200222492,0.2195113599300384,0.1196970269083976,0.3043015003204345,0.1792342662811279,0.1176355928182601,0.0342972204089164,0.1795602142810821,0.0250218175351619,0.2842502295970917,0.4674881994724273,0.3325645625591278,0.3509703874588012,0.169894129037857,0.1377641260623932,0.2137521207332611,0.0810392200946807,0.1915387660264969,0.1152318790555,0.1541161686182022,0.0893086642026901,0.284264862537384,0.1017143055796623
0.3411730825901031,0.264285534620285,0.0368470139801502,0.1194102615118026,0.4700596332550049,0.6146759986877441,0.0834199786186218,0.3604531586170196,0.0115688033401966,0.3126585483551025,0.1101197525858879,0.4656262397766113,0.1772686243057251,0.0843239426612854,0.6697558164596558,0.0831234902143478,0.1065043658018112,0.2952538728713989,0.0408855862915515,0.2200845927000045,0.1216096207499504,0.3034783005714416,0.1806942224502563,0.1178792119026184,0.0343729779124259,0.1807987987995147,0.0251104980707168,0.2841053307056427,0.4704834818840027,0.3330469727516174,0.3521600663661957,0.1924116015434265,0.1487419158220291,0.2136930674314499,0.0811324417591095,0.1934506893157959,0.1155159473419189,0.1535013616085052,0.0892684832215309,0.2852182984352112,0.1010269448161125
0.3338017761707306,0.2416256517171859,0.0365805923938751,0.1037738621234893,0.5081369876861572,0.6512551307678223,0.1012985333800315,0.4044450521469116,0.0112413223832845,0.3926596045494079,0.0932034254074096,0.4433804154396057,0.2041453868150711,0.0744773969054222,0.6703234314918518,0.0819140821695327,0.1067497730255127,0.2761168479919433,0.0337820015847682,0.2310577780008316,0.1091399118304252,0.3004831373691559,0.1916873455047607,0.1125686317682266,0.0257627069950103,0.1658599525690078,0.024716131389141,0.2836435735225677,0.4498694539070129,0.3036659657955169,0.3508966565132141,0.1625555902719497,0.1510727703571319,0.2041306346654892,0.0717601627111435,0.1928855925798416,0.1100062951445579,0.1540028899908065,0.0885806232690811,0.2552884221076965,0.075382150709629
0.3310132026672363,0.2412594258785247,0.0360494591295719,0.1041230335831642,0.5084156394004822,0.6458262205123901,0.099262349307537,0.4002805650234222,0.0112753398716449,0.3898313045501709,0.0934409201145172,0.424662321805954,0.2011045217514038,0.075114294886589,0.6658779382705688,0.0812263190746307,0.1074561774730682,0.2746208012104034,0.0337309315800666,0.2256990671157837,0.1036126241087913,0.2988418936729431,0.1888085007667541,0.1124859899282455,0.0257604792714118,0.1656481474637985,0.0247881766408681,0.2833622395992279,0.4537615180015564,0.303206205368042,0.3510622978210449,0.1626035273075103,0.1504022926092147,0.2030916810035705,0.0715623050928115,0.1926152110099792,0.1096926108002662,0.1536047309637069,0.0885450989007949,0.2630267143249511,0.0689077749848365
0.3147436380386352,0.2540881633758545,0.0280987732112407,0.095843106508255,0.4905068278312683,0.6188151240348816,0.0855043083429336,0.3548409938812256,0.011242663487792,0.3396897912025451,0.1139348670840263,0.4329450726509094,0.1717006862163543,0.0849757194519043,0.6351563334465027,0.0829773545265197,0.1083109974861145,0.3012080192565918,0.0363398306071758,0.1979197263717651,0.073619395494461,0.2945155501365661,0.1636809408664703,0.1246426403522491,0.0415170863270759,0.1799715310335159,0.0262684989720582,0.2868867516517639,0.4812259674072265,0.298787385225296,0.3558158278465271,0.1731950640678405,0.1419696658849716,0.2076887339353561,0.0820579901337623,0.1657224595546722,0.0950179547071456,0.154217392206192,0.0882892832159996,0.2906020283699035,0.0849861204624176
0.3118250966072082,0.252722680568695,0.027468841522932,0.0968545004725456,0.4895977079868316,0.6182847023010254,0.0857920050621032,0.354556679725647,0.0111720208078622,0.341272234916687,0.1127039641141891,0.4315884709358215,0.1723272502422332,0.085428774356842,0.6329166293144226,0.0828465446829795,0.1090605854988098,0.3005869090557098,0.0368037857115268,0.194370836019516,0.0714491456747055,0.2938838303089142,0.1616296172142028,0.1253968775272369,0.0422536395490169,0.1809712350368499,0.0267764143645763,0.2873585224151611,0.4835629165172577,0.2989240288734436,0.3563049733638763,0.1742451936006546,0.1425664126873016,0.2071609199047088,0.0823300778865814,0.1659471094608307,0.0948611795902252,0.1539462208747863,0.0879889205098152,0.2905266880989074,0.0852475613355636
0.2843165397644043,0.1906113624572754,0.0388796553015708,0.0701754242181778,0.5719485282897949,0.6117215752601624,0.0965029150247573,0.3572152853012085,0.0155164133757352,0.3814347982406616,0.0932392627000808,0.3954898118972778,0.1770951151847839,0.0831100791692733,0.5745051503181458,0.0740340426564216,0.0914448350667953,0.2858170568943023,0.0285850148648023,0.1617728918790817,0.061287522315979,0.2813584208488464,0.1387380361557006,0.1248005181550979,0.0393940433859825,0.1671271920204162,0.0295485444366931,0.2972903251647949,0.4971017241477966,0.27730393409729,0.3691400587558746,0.1525841504335403,0.1281534731388092,0.1933023631572723,0.0787560790777206,0.1594657897949218,0.085818275809288,0.1543953120708465,0.0872459262609481,0.2704299986362457,0.0659109726548194
0.2860880196094513,0.1906615644693374,0.0391904264688491,0.0694785639643669,0.57200026512146,0.6131317615509033,0.0964110270142555,0.3582187592983246,0.0154467318207025,0.3816142678260803,0.0921761840581893,0.3965393602848053,0.1781250238418579,0.0826198160648346,0.5764198303222656,0.0738718584179878,0.0900573581457138,0.2859027087688446,0.0281699001789093,0.1624835729598999,0.0617685280740261,0.281316727399826,0.1405657976865768,0.1238357126712799,0.0391137450933456,0.1658960878849029,0.0289460159838199,0.2965681552886963,0.4948147535324096,0.2762605249881744,0.3674094974994659,0.1518167108297348,0.1274400651454925,0.1935492157936096,0.0783052444458007,0.1592930406332016,0.0860434100031852,0.1537848711013794,0.0870858058333396,0.2701947689056396,0.0653206631541252
0.2949041724205017,0.2013618946075439,0.0499426200985908,0.065570592880249,0.6084960699081421,0.6397783756256104,0.1118414625525474,0.3818109035491943,0.0170143619179725,0.3924789428710937,0.0719335600733757,0.4177566170692444,0.1879662871360778,0.0604616850614547,0.6040871739387512,0.0717919766902923,0.0734697878360748,0.2759678065776825,0.024253049865365,0.2037895172834396,0.0765107721090316,0.2673499286174774,0.1509952694177627,0.1117004752159118,0.0368058308959007,0.1557296365499496,0.0211947299540042,0.2959136366844177,0.4944796562194824,0.262053906917572,0.3705656826496124,0.1434382945299148,0.1201194748282432,0.1885411441326141,0.0763274803757667,0.1549459099769592,0.0817467793822288,0.1518189311027526,0.0830471515655517,0.2669830918312073,0.0677188783884048
0.2964402437210083,0.2021594792604446,0.0497539788484573,0.0655665248632431,0.6114981174468994,0.6410241723060608,0.1113802343606948,0.3838654160499573,0.0172057840973138,0.3955232501029968,0.071416400372982,0.4189462959766388,0.1888217777013778,0.0605174079537391,0.611713707447052,0.0709467008709907,0.0743865221738815,0.2760075330734253,0.02432825230062,0.2049327492713928,0.0763246864080429,0.2699609994888305,0.1511552929878235,0.1115702688694,0.0372198522090911,0.153856098651886,0.0288766846060752,0.2947990298271179,0.4933251738548279,0.26164311170578,0.370889276266098,0.1434908509254455,0.1212144717574119,0.1877889335155487,0.0770806744694709,0.1547383666038513,0.0813875049352645,0.1521597504615783,0.0835468992590904,0.2656751871109009,0.0680865049362182
0.2687123417854309,0.2108519077301025,0.0424362048506736,0.0718716830015182,0.6148591041564941,0.6730445027351379,0.0830519497394561,0.4534541368484497,0.0198931023478508,0.5144860744476318,0.0837961360812187,0.4466125667095184,0.2352052479982376,0.0804816484451294,0.6659229397773743,0.0732378363609314,0.0904713422060012,0.2838221788406372,0.0281946118921041,0.2611546516418457,0.1135599464178085,0.2688581943511963,0.1770064234733581,0.1179668009281158,0.0358237773180007,0.1162990927696228,0.0202634651213884,0.2930661737918854,0.4782296419143677,0.2672659754753113,0.3687952160835266,0.1675647497177124,0.1374652981758117,0.2201850414276123,0.0778535157442092,0.1634335964918136,0.0938160866498947,0.1620383858680725,0.0854727998375892,0.2699117660522461,0.0792744159698486
0.2678669691085815,0.2092955708503723,0.042579460889101,0.0723920464515686,0.6101142168045044,0.6675775051116943,0.0830808281898498,0.4468981921672821,0.0198346711695194,0.472884327173233,0.0844534039497375,0.4412199556827545,0.2271604239940643,0.080689862370491,0.6591629981994629,0.0738663524389267,0.0901546627283096,0.2811823189258575,0.0281473360955715,0.2563272714614868,0.1106447726488113,0.2667647898197174,0.1759584248065948,0.1186156272888183,0.0435738563537597,0.1171886250376701,0.0205774679780006,0.2936325669288635,0.4803441762924194,0.2676394283771515,0.3702719807624817,0.1673301756381988,0.1367524266242981,0.2191356569528579,0.0777347162365913,0.1635298132896423,0.0930145010352134,0.1618611812591552,0.0853711739182472,0.2703217267990112,0.0779820829629898
0.2634417712688446,0.2114837169647216,0.038175955414772,0.0931518077850341,0.5521363615989685,0.6185533404350281,0.1196444332599639,0.4146953225135803,0.0217276848852634,0.3337482810020447,0.0826809406280517,0.3659326434135437,0.2088724374771118,0.0785755813121795,0.6319156289100647,0.0796585530042648,0.0775614008307457,0.2374484837055206,0.0271440353244543,0.1941148042678833,0.0939095392823219,0.2397575974464416,0.1620649695396423,0.1209603622555732,0.0476465113461017,0.1317953020334243,0.0292872991412878,0.2967832088470459,0.5359797477722168,0.2521196603775024,0.388586014509201,0.1580027341842651,0.1451224684715271,0.1978168934583664,0.0720764994621276,0.164615660905838,0.0866283699870109,0.1501912027597427,0.0796547830104827,0.2919914722442627,0.0598614439368248
0.2605849206447601,0.210877925157547,0.0385498777031898,0.0926441624760627,0.5466896295547485,0.6158013343811035,0.1179906651377677,0.4077589213848114,0.0221920944750309,0.3304660320281982,0.0836152881383895,0.3647273182868957,0.206804022192955,0.0785990953445434,0.6279349327087402,0.0800390914082527,0.0768748074769973,0.2362066209316253,0.0277648027986288,0.1943071782588958,0.0942591428756713,0.2356743514537811,0.1614688038825988,0.1212763041257858,0.049113817512989,0.1722777187824249,0.0290867891162633,0.2977214455604553,0.5361601114273071,0.2532247006893158,0.3883274793624878,0.160241961479187,0.1464233249425888,0.1994835585355758,0.0728984251618385,0.1655143201351165,0.0866690948605537,0.1322590559720993,0.0815659314393997,0.2927629053592682,0.060937076807022
0.2352652996778488,0.2132034301757812,0.0382564328610897,0.0961250364780426,0.5680094957351685,0.6302498579025269,0.1100445091724395,0.4462562501430511,0.0216062646359205,0.366450697183609,0.0880049020051956,0.374137669801712,0.202725738286972,0.0870981365442276,0.6069507598876953,0.0797723904252052,0.0785223394632339,0.2305573225021362,0.0324711315333843,0.1849026381969452,0.0835714787244796,0.2387342154979705,0.1559895277023315,0.1152235567569732,0.0581642128527164,0.1412982940673828,0.0302398279309272,0.2995522320270538,0.5569659471511841,0.2472686469554901,0.3984871804714203,0.1573085784912109,0.1473315954208374,0.1920225620269775,0.0713611021637916,0.1658848226070404,0.0860658809542656,0.148210346698761,0.0767428949475288,0.2907081246376037,0.0682725831866264
0.2371318042278289,0.2139579355716705,0.0377253927290439,0.0970925986766815,0.5700449347496033,0.6309571862220764,0.1092466413974762,0.4489674866199493,0.0216403938829898,0.3692166209220886,0.0882581621408462,0.3762631714344024,0.2044979929924011,0.0866405740380287,0.6111385822296143,0.0798204466700553,0.0793158859014511,0.2338929772377014,0.0328112952411174,0.1852894425392151,0.0839157328009605,0.2423071712255478,0.1568343192338943,0.115124300122261,0.057423498481512,0.1425511538982391,0.0308512561023235,0.2988933026790619,0.5565550327301025,0.2475390136241912,0.3983147144317627,0.1577677875757217,0.1476232558488845,0.191078707575798,0.0711455717682838,0.1668212413787841,0.0867903754115104,0.1496863663196563,0.0777489095926284,0.2889019846916199,0.0685231015086174
0.2783118188381195,0.2090212255716323,0.0482323393225669,0.1180849820375442,0.502571702003479,0.5648332238197327,0.1165932044386863,0.3520433604717254,0.0164413899183273,0.2825128436088562,0.075924813747406,0.3325578570365906,0.1375826299190521,0.0807946920394897,0.5606691837310791,0.0739443004131317,0.0701310932636261,0.2559562921524048,0.0298610348254442,0.1444940268993377,0.0702173635363578,0.2279895842075348,0.145273357629776,0.1164723187685012,0.0413360893726348,0.1674450933933258,0.024509647861123,0.3019906282424927,0.4860478639602661,0.246436670422554,0.3800402879714966,0.1315150558948516,0.1244007125496864,0.1694020181894302,0.0619671866297721,0.1983795166015625,0.0818904340267181,0.12038154900074,0.0748007595539093,0.2967396676540375,0.0442468002438545
0.2915558218955993,0.2107506990432739,0.0471261739730834,0.11732979118824,0.5042021870613098,0.5689873695373535,0.115145705640316,0.3598563373088836,0.0159438960254192,0.2911369204521179,0.0754973143339157,0.3340875804424286,0.1380097270011901,0.0824345499277114,0.5529507398605347,0.0737406313419342,0.0707968100905418,0.2566602826118469,0.0302851200103759,0.1474965661764145,0.0666842386126518,0.2310755401849746,0.1468490809202194,0.1166893914341926,0.0416792333126068,0.1670765578746795,0.0241465158760547,0.2927932739257812,0.5220697522163391,0.2460351735353469,0.3795873522758484,0.1319659352302551,0.1247947961091995,0.1705942451953888,0.062570571899414,0.1962746530771255,0.0813489556312561,0.1205473318696022,0.0748518481850624,0.295065701007843,0.0443870313465595
0.2836999297142029,0.2292594015598297,0.0374547950923442,0.1022226437926292,0.5296204686164856,0.6256573796272278,0.1015070304274559,0.4211822748184204,0.0189068801701068,0.3240352272987366,0.0768472850322723,0.3761072158813476,0.2094189226627349,0.0878534615039825,0.6143884062767029,0.076914258301258,0.0777281820774078,0.2305921018123626,0.0299270879477262,0.1913535445928573,0.0806267634034156,0.246701493859291,0.166159451007843,0.1174694746732711,0.0441303253173828,0.1394802331924438,0.0280752889811992,0.3029425740242004,0.5078192949295044,0.2579170167446136,0.3692476153373718,0.1492616087198257,0.1385569423437118,0.1916638016700744,0.0662852674722671,0.1718011349439621,0.084098033607006,0.1249152347445488,0.0755237787961959,0.282828688621521,0.0581984594464302
0.2492153644561767,0.2340600341558456,0.0330984145402908,0.100832350552082,0.5613054633140564,0.6531438827514648,0.1014605388045311,0.5117437839508057,0.0198824666440486,0.3945515751838684,0.0881768614053726,0.3960070610046386,0.2263557314872741,0.0896585881710052,0.6164936423301697,0.0784768685698509,0.0805394724011421,0.2337544560432434,0.0404956862330436,0.1968617737293243,0.0788933187723159,0.2486676126718521,0.1687079519033432,0.1153691560029983,0.056081973016262,0.1371932476758957,0.0289616249501705,0.3018860220909118,0.5376465320587158,0.249734878540039,0.384442001581192,0.1543848812580108,0.1463442146778106,0.1872836202383041,0.069173015654087,0.1875015497207641,0.1036602854728698,0.1467030346393585,0.0780191794037818,0.2717943489551544,0.0693024396896362
0.3107807040214538,0.2190228104591369,0.0454304590821266,0.0909239798784256,0.566913366317749,0.6074116230010986,0.0924099534749984,0.3977815210819244,0.0206481739878654,0.2892599701881408,0.0751707702875137,0.3760003447532654,0.1879486590623855,0.0629129484295845,0.60579514503479,0.0732776671648025,0.0703655928373336,0.2495107650756836,0.0380360074341297,0.1840325891971588,0.0886789411306381,0.2509142160415649,0.1567223072052002,0.1191526055335998,0.0419882908463478,0.1600672155618667,0.0286149382591247,0.2941267788410187,0.5112572908401489,0.2530580759048462,0.3638078570365906,0.1408586800098419,0.12534761428833,0.1768348813056945,0.0688350200653076,0.169418528676033,0.0838315039873123,0.1289689987897873,0.0783084109425544,0.2943054437637329,0.0626547336578369
0.3086245357990265,0.2179349511861801,0.0451130308210849,0.091004692018032,0.5706132650375366,0.6087073087692261,0.0933631435036659,0.3991789221763611,0.0209067985415458,0.2942576706409454,0.0812159031629562,0.378379225730896,0.1899491846561432,0.0627021193504333,0.6072059273719788,0.0731403455138206,0.071192629635334,0.2493850439786911,0.0384193882346153,0.1857944577932357,0.0881650000810623,0.2524324059486389,0.1559648513793945,0.1192363575100898,0.0417917519807815,0.1590202748775482,0.0290319416671991,0.2938767671585083,0.5111046433448792,0.2525660991668701,0.3636501133441925,0.1412979662418365,0.1263578534126281,0.1755626201629638,0.0689877644181251,0.1702182292938232,0.0837004035711288,0.1298744976520538,0.0786140412092208,0.2933403849601745,0.0631563961505889
0.2463149130344391,0.2169833779335022,0.0415267497301101,0.0975345596671104,0.5525019764900208,0.6239175796508789,0.0964355319738388,0.3993628621101379,0.0223763510584831,0.3125406801700592,0.0743027552962303,0.3696236312389374,0.1950371265411377,0.0544413328170776,0.6236995458602905,0.0761859789490699,0.069413848221302,0.2334020882844925,0.031551145017147,0.1837741285562515,0.0975131690502166,0.2242720127105713,0.1563714742660522,0.1059822887182235,0.0519266352057457,0.1291352361440658,0.0282560773193836,0.3057884573936462,0.5059789419174194,0.2460446059703827,0.3786848187446594,0.1473070085048675,0.1364344954490661,0.183637797832489,0.0703143179416656,0.1673107743263244,0.0814881920814514,0.1218528971076011,0.0761989802122116,0.3019421100616455,0.0611678510904312
0.2469433844089508,0.2174393832683563,0.0426958426833152,0.0978521555662155,0.5485799908638,0.6207268238067627,0.0957876443862915,0.3951640129089355,0.0174807235598564,0.3062287867069244,0.0756152421236038,0.3684329390525818,0.1930635422468185,0.0551701486110687,0.6231664419174194,0.0758973658084869,0.0696983411908149,0.2326070368289947,0.0319989621639251,0.1842551380395889,0.0960122123360633,0.2205728739500045,0.1563322693109512,0.1065992712974548,0.0530929192900657,0.1288504004478454,0.0288917645812034,0.3057562410831451,0.5100271701812744,0.2467403411865234,0.3806744813919067,0.1472479403018951,0.1356635242700576,0.1829339116811752,0.0702264234423637,0.1679403483867645,0.0823736637830734,0.1358901113271713,0.0785960108041763,0.3001203238964081,0.0601809099316597
0.2764078676700592,0.2046960294246673,0.0487406402826309,0.0860261768102645,0.540878176689148,0.5985859632492065,0.085748553276062,0.3637994527816772,0.0181063115596771,0.3188151121139526,0.0834757983684539,0.3737251758575439,0.1482115089893341,0.0850834921002388,0.6042560338973999,0.0742446333169937,0.0704051479697227,0.2311612665653228,0.0268745832145214,0.1737900078296661,0.0906728655099868,0.2386905401945114,0.14823579788208,0.1136728078126907,0.0447609983384609,0.1356765329837799,0.0255476087331771,0.3004617393016815,0.4904598593711853,0.2510960698127746,0.3751469552516937,0.1494215428829193,0.1269380897283554,0.1762014329433441,0.067617617547512,0.1854836642742157,0.0877192020416259,0.128796249628067,0.0810174569487571,0.3005089163780212,0.0574731342494487
0.2735629677772522,0.2101509273052215,0.0487932376563549,0.0850536227226257,0.5469727516174316,0.5884522795677185,0.0855835452675819,0.4391667246818542,0.0203873384743928,0.3210604786872864,0.0667109638452529,0.3709820508956909,0.1797427237033844,0.059991255402565,0.6212848424911499,0.0735388100147247,0.0672270357608795,0.2331786453723907,0.0389253944158554,0.1891412138938903,0.0857485830783844,0.2290473580360412,0.1646842062473297,0.1166789978742599,0.0451907888054847,0.1175105646252632,0.0279045384377241,0.30011847615242,0.5133185982704163,0.2521630525588989,0.3655909895896911,0.1416941285133361,0.1208599805831909,0.1791297346353531,0.0710355341434478,0.1829504817724228,0.1015570387244224,0.125116690993309,0.0819022804498672,0.2941620051860809,0.0600493066012859
0.2736871242523193,0.209699735045433,0.0502197854220867,0.0891032665967941,0.5457750558853149,0.6007907390594482,0.0808068662881851,0.3622402548789978,0.0167434141039848,0.3211527168750763,0.0835034251213073,0.3832035958766937,0.1649350374937057,0.08229561150074,0.6037923693656921,0.0759119465947151,0.0703645423054695,0.2630412876605987,0.0275321286171674,0.1803177148103714,0.0920657813549041,0.2427905201911926,0.1499558240175247,0.1109469085931778,0.0424256548285484,0.1575663238763809,0.0236427821218967,0.2999331951141357,0.4974144697189331,0.2569392323493957,0.375690758228302,0.1498635560274124,0.1256445944309234,0.1851235479116439,0.0687998011708259,0.1799002289772033,0.0890259444713592,0.1276278346776962,0.0811341702938079,0.2917054295539856,0.0557197630405426
0.2749043703079223,0.2111590355634689,0.0501883327960968,0.0901837050914764,0.5415977835655212,0.5829852819442749,0.0799710005521774,0.362101137638092,0.0168030858039855,0.3195782899856567,0.0833271667361259,0.3833898603916168,0.1637327969074249,0.0739424377679824,0.6029328107833862,0.0754526853561401,0.0703774616122245,0.2610912322998047,0.0276687443256378,0.1799502223730087,0.0919581726193428,0.2405598908662796,0.1508209109306335,0.1105192452669143,0.0427360646426677,0.1584056466817855,0.023702185600996,0.30005544424057,0.4977467656135559,0.2558269500732422,0.3745779395103454,0.1498865336179733,0.1259716153144836,0.184614285826683,0.0690243393182754,0.1795733571052551,0.0886164233088493,0.1266682147979736,0.0808106884360313,0.2922007143497467,0.0559212043881416
0.2805297672748565,0.2096397876739502,0.0473735965788364,0.0934366136789321,0.5341295003890991,0.5999524593353271,0.0804159939289093,0.3673124015331268,0.0167628973722457,0.3282502293586731,0.0851847305893898,0.3833892941474914,0.1506623774766922,0.0825308263301849,0.5895822048187256,0.0757703855633735,0.0718040540814399,0.2603759169578552,0.0266011245548725,0.1790341287851333,0.0869948714971542,0.2388598471879959,0.1500478684902191,0.1139471977949142,0.0426183268427848,0.1232893615961074,0.0223556794226169,0.2919353246688843,0.5251078009605408,0.2530443072319031,0.3749251961708069,0.1474918127059936,0.1274742782115936,0.1823790222406387,0.0691996291279792,0.175252690911293,0.0885866731405258,0.1254117488861084,0.0786017999053001,0.2907909154891968,0.0574643611907959
0.2745019793510437,0.2058046609163284,0.0464519374072551,0.0929845124483108,0.5342824459075928,0.5951084494590759,0.0814706981182098,0.3715939819812774,0.0167122818529605,0.3262030780315399,0.0845499783754348,0.3806304633617401,0.1455534994602203,0.0829088911414146,0.5819886922836304,0.0756762027740478,0.0714121833443641,0.2601458728313446,0.0266679842025041,0.171684056520462,0.084372840821743,0.2366238534450531,0.1451595425605774,0.1142367124557495,0.0433503426611423,0.1242734938859939,0.0228446461260318,0.2926613688468933,0.5249003171920776,0.2512080371379852,0.3748646378517151,0.1472183316946029,0.1273199915885925,0.1817629337310791,0.0692858844995498,0.1544355154037475,0.0821461528539657,0.1239314377307891,0.0779114663600921,0.292961835861206,0.0571672022342681
0.269129604101181,0.2032181471586227,0.0488056913018226,0.0911498591303825,0.5240230560302734,0.5868360996246338,0.1081085577607154,0.3543634712696075,0.0174110606312751,0.2967649400234222,0.0821354910731315,0.3717135190963745,0.1397239863872528,0.0824959427118301,0.6044548749923706,0.0788449645042419,0.0694738626480102,0.2530200481414795,0.0262152776122093,0.1654275059700012,0.0888288766145706,0.2375994175672531,0.1435942649841308,0.1102142035961151,0.0436494536697864,0.163880780339241,0.0226203203201293,0.2923113703727722,0.5255142450332642,0.2528300881385803,0.3738369941711426,0.1430975496768951,0.1231939196586608,0.1841204613447189,0.0691744834184646,0.1552407145500183,0.0843373015522956,0.1213455349206924,0.0765814408659935,0.2921817898750305,0.0555292703211307
0.2712321281433105,0.2028786391019821,0.0483137071132659,0.0916489660739898,0.522627592086792,0.586141049861908,0.1072162240743637,0.3539625406265259,0.0171035155653953,0.2985475659370422,0.082469917833805,0.3716472089290619,0.1390268206596374,0.0824740901589393,0.6039372682571411,0.0784626752138137,0.0704048722982406,0.2534368336200714,0.0266485307365655,0.1646634638309478,0.0877308323979377,0.2383131235837936,0.1436698138713836,0.1102674007415771,0.0434921495616436,0.1640800833702087,0.0225039813667535,0.2921642065048218,0.5256386399269104,0.2533947825431824,0.3752313554286957,0.144458457827568,0.124361328780651,0.1848816871643066,0.069310151040554,0.1556800007820129,0.0842373594641685,0.1220787316560745,0.0772210955619812,0.2915210127830505,0.0557917244732379
0.2514550387859344,0.1902065724134445,0.0458186119794845,0.0822868794202804,0.5584114193916321,0.6135192513465881,0.0938710942864418,0.3574557304382324,0.020733892917633,0.272668719291687,0.0729280561208725,0.3612483739852905,0.1681672036647796,0.0643952339887619,0.5994040966033936,0.0754038915038108,0.0683967545628547,0.2212141454219818,0.0370774157345294,0.1756134778261184,0.0812404677271843,0.2283257842063903,0.1391380429267883,0.1096548289060592,0.0449921824038028,0.1339470893144607,0.0256218239665031,0.300975352525711,0.5397402048110962,0.2461173087358474,0.3743492066860199,0.1412800252437591,0.1285638213157653,0.1803584396839141,0.0720120444893837,0.1947810053825378,0.0840359181165695,0.136622279882431,0.0752454996109008,0.3006395399570465,0.056291289627552
0.2504924535751343,0.1894089430570602,0.0455661453306674,0.0820866078138351,0.5606274604797363,0.6135402321815491,0.0942036509513855,0.3573848605155945,0.0207285564392805,0.2741344571113586,0.0737610310316085,0.3612103462219238,0.1680980175733566,0.0644591897726059,0.5970314741134644,0.0755650848150253,0.0685886889696121,0.2231327593326568,0.0374808833003044,0.1757050305604934,0.0811642259359359,0.2270174324512481,0.1386855244636535,0.1100964397192001,0.0448285490274429,0.1343331634998321,0.0256549380719661,0.3009697198867798,0.5411015748977661,0.2453713715076446,0.3756599128246307,0.1414132118225097,0.1290014833211898,0.1799953430891037,0.0721592083573341,0.1940171420574188,0.0840659141540527,0.136729210615158,0.0752728283405304,0.3020572364330292,0.0570262446999549
0.2429284900426864,0.1930351257324218,0.0549209900200367,0.0806874111294746,0.5568978786468506,0.6259560585021973,0.1244378834962844,0.4208592474460602,0.0222412496805191,0.2812735438346863,0.0605004094541072,0.3650697469711303,0.1697124540805816,0.0630833804607391,0.6047846078872681,0.0788014754652977,0.0638259053230285,0.2294569909572601,0.0373674631118774,0.178982600569725,0.0933135598897934,0.2318522483110427,0.1454803049564361,0.1093712151050567,0.0399857647716999,0.1242967844009399,0.0244268998503685,0.3084518909454345,0.5015209913253784,0.2430823594331741,0.3657313585281372,0.1342426091432571,0.1265680491924286,0.1783746778964996,0.0741483941674232,0.1810537725687027,0.0975480824708938,0.1197176352143287,0.0767379254102706,0.2955658435821533,0.0560480952262878
0.2425721138715744,0.1913181096315384,0.0538930036127567,0.0799647867679596,0.553704023361206,0.6204119920730591,0.0933213829994201,0.4165853261947632,0.0221216082572937,0.2781649827957153,0.0613938421010971,0.3618168234825134,0.1648273766040802,0.086735725402832,0.5972127318382263,0.0781620219349861,0.0631738975644111,0.2269664853811264,0.037202812731266,0.1745537221431732,0.0868413522839546,0.2280080318450927,0.142506793141365,0.1090899258852005,0.0404114462435245,0.123345173895359,0.0241199843585491,0.309135228395462,0.5006589889526367,0.2417446970939636,0.3653567731380462,0.1348063349723816,0.1258197724819183,0.1785672008991241,0.074825495481491,0.1793469190597534,0.0966868624091148,0.1181162893772125,0.0763802230358123,0.2953142523765564,0.055633932352066
0.2644540667533874,0.1968742460012436,0.0474544838070869,0.0837089642882347,0.5650678873062134,0.6317647695541382,0.0914916694164276,0.4374634027481079,0.0203028619289398,0.3165866136550903,0.0672399848699569,0.3847742080688476,0.1707372963428497,0.0655040442943573,0.6192994117736816,0.0770987495779991,0.0689779967069625,0.2327809631824493,0.0233889874070882,0.1877758204936981,0.0950810313224792,0.2395424544811248,0.1477854698896408,0.1192932426929473,0.040661446750164,0.1352231800556183,0.0249953418970108,0.2983249425888061,0.519515872001648,0.2435289174318313,0.3647822737693786,0.1416243314743042,0.1355977207422256,0.1808173358440399,0.0751135945320129,0.1783713400363922,0.0990576148033142,0.1393377780914306,0.0772702023386955,0.288622498512268,0.0607114285230636
0.2645536661148071,0.1969969868659973,0.0470238029956817,0.0837732478976249,0.5646976828575134,0.6315888166427612,0.0906866267323494,0.4368368983268738,0.020249668508768,0.317023754119873,0.0672235786914825,0.3850095272064209,0.1708883047103881,0.0655667185783386,0.6186791658401489,0.0773937702178955,0.0690868496894836,0.2323092222213745,0.0233890265226364,0.1878409534692764,0.0953432247042656,0.239521637558937,0.1477003395557403,0.118987075984478,0.0407648608088493,0.1356469094753265,0.0249641984701156,0.298227459192276,0.5194141268730164,0.2437692284584045,0.3646988570690155,0.1423686146736145,0.136011317372322,0.1815500855445861,0.0754183903336525,0.1786014437675476,0.0992184877395629,0.1394290775060653,0.0773842856287956,0.288432627916336,0.0609412193298339
0.2546349763870239,0.2013600170612335,0.0511384941637516,0.0781241357326507,0.5703699588775635,0.6419105529785156,0.0866050794720649,0.4162296056747436,0.0204099901020526,0.3601598143577575,0.0632917582988739,0.386765718460083,0.1806234866380691,0.0618234165012836,0.6137401461601257,0.0778110027313232,0.0671906620264053,0.2274382561445236,0.0257503036409616,0.2007182985544204,0.0943058580160141,0.2482308149337768,0.1615685224533081,0.1183795258402824,0.0427440777420997,0.1122359186410904,0.0246279276907444,0.2995846271514892,0.4968222975730896,0.2487055510282516,0.3554446399211883,0.1356896758079528,0.1212469860911369,0.1853466928005218,0.071294791996479,0.1549878567457199,0.0905264467000961,0.141970694065094,0.0770400017499923,0.2779994308948517,0.060881670564413
0.2536859214305877,0.2000243365764618,0.0499511770904064,0.0793341994285583,0.5712356567382812,0.6390948295593262,0.0878105983138084,0.4008674025535583,0.0202373955398798,0.3609796166419983,0.0641163736581802,0.3843892216682434,0.1795002818107605,0.062101062387228,0.6132987141609192,0.0775217115879058,0.0682511776685714,0.22780641913414,0.0260071996599435,0.2007363438606262,0.0924371182918548,0.2467842549085617,0.1601441502571106,0.1131330356001854,0.0434440560638904,0.1117815151810646,0.0256282500922679,0.2997238337993622,0.5000823736190796,0.2491170763969421,0.3563588857650757,0.1365038454532623,0.1213351786136627,0.1841223239898681,0.0710001438856124,0.1558579057455063,0.0846323296427726,0.1421644985675811,0.0768899917602539,0.2794407308101654,0.0615608096122741
0.2440394759178161,0.186405062675476,0.0492296181619167,0.0781312882900238,0.5851234793663025,0.6382219195365906,0.086259976029396,0.4081599712371826,0.0203346870839595,0.3680886626243591,0.06455959379673,0.3728049993515014,0.1764276027679443,0.0591400563716888,0.6047407388687134,0.0782098695635795,0.0677285194396972,0.25778329372406,0.0255007669329643,0.1905168294906616,0.0941942185163497,0.2415376603603363,0.1574444770812988,0.1179880201816558,0.0425401404500007,0.1204660832881927,0.025510000064969,0.3103793859481811,0.4766594469547272,0.2442599833011627,0.367948055267334,0.1425478458404541,0.1244264841079711,0.1864776015281677,0.0726672485470771,0.1549736857414245,0.0918627306818962,0.1459715962409973,0.078166589140892,0.2929463684558868,0.0605576299130916
0.2469526082277298,0.1831341981887817,0.0503979995846748,0.0754882246255874,0.5872220396995544,0.6373726725578308,0.0862137824296951,0.4040266573429107,0.0203848797827959,0.3621988296508789,0.0664739236235618,0.3693681955337524,0.1777170896530151,0.0592049323022365,0.6010423898696899,0.0784773379564285,0.068922221660614,0.261238694190979,0.0255249384790658,0.1896219253540039,0.0911309719085693,0.242569088935852,0.1566295027732849,0.1191852167248725,0.0427635908126831,0.1206325814127922,0.0262476317584514,0.3114391267299652,0.4771124124526977,0.2462961077690124,0.3690589964389801,0.1440291702747345,0.1238476634025573,0.1885231435298919,0.0735408961772918,0.1558558940887451,0.092306762933731,0.1471169739961624,0.0789776593446731,0.2946240603923797,0.0620589181780815
0.2257739156484604,0.1660784184932708,0.0626596733927726,0.0723039805889129,0.5915261507034302,0.6152392625808716,0.1281414330005645,0.3933928608894348,0.0197474099695682,0.3221555054187774,0.0592083036899566,0.3447853624820709,0.1602542549371719,0.0871706530451774,0.5559002161026001,0.0733268335461616,0.0658987462520599,0.2559181451797485,0.0369293019175529,0.1442976593971252,0.0645328089594841,0.2458554208278656,0.1379718780517578,0.1141241118311882,0.0429221093654632,0.1605683714151382,0.0289200916886329,0.3021005988121032,0.4866678714752197,0.2382657527923584,0.3656601905822754,0.1322292387485504,0.1101695448160171,0.1709380149841308,0.06984543800354,0.1490252315998077,0.0733865201473236,0.1408122032880783,0.0738913193345069,0.3134304881095886,0.0569999739527702
0.2259971797466278,0.1663649380207061,0.0641103163361549,0.0715497806668281,0.5887354612350464,0.6127313375473022,0.1289799809455871,0.3886778056621551,0.0194355938583612,0.3192402124404907,0.0593355484306812,0.3413669764995575,0.1564100533723831,0.0656252354383468,0.5513664484024048,0.0727800503373146,0.0653092563152313,0.2526084184646606,0.0363718979060649,0.1430297344923019,0.062293492257595,0.2412024736404419,0.1393896639347076,0.1126743108034133,0.0416882187128067,0.1596565991640091,0.0282121319323778,0.3015784621238708,0.4864657521247864,0.2365045845508575,0.364891767501831,0.1293709874153137,0.1098078191280365,0.1693513989448547,0.0698018297553062,0.1478471755981445,0.0721611306071281,0.1384378224611282,0.072963461279869,0.3120934665203094,0.0552455261349678
0.2472002804279327,0.1794985830783844,0.0492809638381004,0.07942745834589,0.5696620941162109,0.6159145832061768,0.1371746063232422,0.3852195143699646,0.0208930969238281,0.3134234547615051,0.0794523805379867,0.3574891686439514,0.1579283475875854,0.0687391906976699,0.5593330264091492,0.077500432729721,0.0733716711401939,0.2687695324420929,0.026730328798294,0.1531959176063537,0.0719735249876976,0.2483532130718231,0.1359204053878784,0.1249914616346359,0.0447740852832794,0.141225665807724,0.0292663667351007,0.3040637671947479,0.5409321784973145,0.2462307810783386,0.3750453889369964,0.1378024816513061,0.1198349744081497,0.185451865196228,0.0729268714785575,0.1630466431379318,0.0823277905583381,0.1438507437705993,0.0778761208057403,0.2973287105560303,0.0609092451632022
0.2854291796684265,0.1797243356704712,0.0502668544650077,0.0865566730499267,0.5393617153167725,0.5658310651779175,0.108078196644783,0.3658406436443329,0.0166192054748535,0.3156695067882538,0.0750568211078643,0.3592871427536011,0.1427138745784759,0.0572851672768592,0.5686998963356018,0.07521253824234,0.0684656947851181,0.2662622630596161,0.0247383452951908,0.1526835560798645,0.0736562311649322,0.2511355876922607,0.1292711496353149,0.1107808202505111,0.0533991567790508,0.1554964780807495,0.0230038911104202,0.2972573041915893,0.4944525957107544,0.2568269670009613,0.3524654805660248,0.1291326880455017,0.1222884058952331,0.1767506003379821,0.0674877315759658,0.1488024294376373,0.0791023671627044,0.1364300549030304,0.0777685493230819,0.293171614408493,0.0504938587546348
0.2811306118965149,0.194555327296257,0.0631371736526489,0.0861222892999649,0.5444770455360413,0.6118916273117065,0.1102631241083145,0.3724366724491119,0.0194639042019844,0.2798289656639099,0.0760221034288406,0.3461310863494873,0.1566823571920395,0.0662199333310127,0.5598995089530945,0.0726178959012031,0.0682368725538253,0.2557547986507416,0.0368346832692623,0.1446204483509063,0.0642653107643127,0.2383531928062439,0.1507461369037628,0.1130108535289764,0.039888609200716,0.1654332280158996,0.0283008757978677,0.2878685593605041,0.5225338935852051,0.2438170313835144,0.3545257449150085,0.1242146864533424,0.1046987473964691,0.1662494242191314,0.0681112557649612,0.1764762699604034,0.0762164816260337,0.1163123175501823,0.0739386677742004,0.3043259978294372,0.0514118261635303
0.286418616771698,0.1957059502601623,0.0630397796630859,0.0862273797392845,0.5512606501579285,0.6175499558448792,0.1101517677307128,0.3930391669273376,0.0192095823585987,0.2915931046009063,0.0756221711635589,0.3492316603660583,0.1593356728553772,0.0663380771875381,0.5633285045623779,0.0720736533403396,0.0692768916487693,0.2548528611660003,0.0370708405971527,0.146853893995285,0.0639933869242668,0.2423454970121383,0.1523333489894867,0.1138320788741111,0.0404827557504177,0.1644322276115417,0.0287772919982671,0.2868144810199737,0.5207647681236267,0.2434238791465759,0.3553233742713928,0.1272126138210296,0.1065770760178566,0.1688497215509414,0.0695351511240005,0.1546902358531952,0.0730376318097114,0.1184624060988426,0.0755665078759193,0.3051474094390869,0.052731417119503
0.3201010823249817,0.1884805709123611,0.0633988603949546,0.0956846699118614,0.5304533243179321,0.6258410215377808,0.101312905550003,0.3668309450149536,0.0153611041605472,0.29889115691185,0.0752503424882888,0.3543615937232971,0.157231405377388,0.0594972856342792,0.5935618877410889,0.0743254348635673,0.067143514752388,0.2725977003574371,0.023718224838376,0.1648573279380798,0.0870128273963928,0.2628523707389831,0.159783586859703,0.116156667470932,0.0354671105742454,0.1594425439834594,0.0259650610387325,0.2817607820034027,0.4885424971580505,0.2566165924072265,0.3406488597393036,0.1263095736503601,0.1137267723679542,0.1608394980430603,0.069800853729248,0.1741756647825241,0.0825366675853729,0.1192914396524429,0.0794225260615348,0.3148233294486999,0.054332785308361
0.2913470864295959,0.1883480846881866,0.0491312332451343,0.0920480489730835,0.521720290184021,0.6164698600769043,0.1109880954027175,0.3821993768215179,0.0153140937909483,0.3432994484901428,0.0831159204244613,0.3733037114143371,0.1508822590112686,0.0615716427564621,0.5737157464027405,0.0785099118947982,0.0731084197759628,0.2909476161003113,0.0291241146624088,0.1816831082105636,0.0884174406528472,0.2574058175086975,0.1550465226173401,0.1158006191253662,0.0417206697165966,0.1557022929191589,0.0277108177542686,0.2960018217563629,0.5011405944824219,0.2586782574653625,0.3560014367103576,0.1425838768482208,0.1258124262094497,0.1806579232215881,0.0721814185380935,0.1744698286056518,0.0899769514799118,0.1258888095617294,0.0838311910629272,0.304264485836029,0.0645706951618194
0.2521368861198425,0.1867730766534805,0.0507083423435688,0.0890897810459137,0.554926872253418,0.6305441856384277,0.1231136247515678,0.3959800899028778,0.0194795150309801,0.3434160053730011,0.0693663209676742,0.3651431798934936,0.1790084540843963,0.0644640102982521,0.598228394985199,0.0786251574754715,0.0691565051674842,0.2363882809877395,0.0290627982467412,0.2060544341802597,0.1009966433048248,0.2467070072889328,0.1571592688560485,0.1171336323022842,0.0434043742716312,0.1621420830488205,0.028883222490549,0.3017359972000122,0.5161895751953125,0.2491882294416427,0.3634907603263855,0.1457908749580383,0.1259877383708953,0.1883766055107116,0.0738027244806289,0.1585105061531067,0.0830786228179931,0.144825667142868,0.0799922347068786,0.297884464263916,0.0634381175041198
0.2826782166957855,0.191553384065628,0.0470944419503212,0.0920126140117645,0.5224035382270813,0.6134097576141357,0.1044566929340362,0.3779985308647156,0.0149341076612472,0.3531708717346191,0.0851310566067695,0.3799844980239868,0.1585375964641571,0.0595780126750469,0.5864912271499634,0.0788941010832786,0.0755774527788162,0.2932010293006897,0.0320536568760871,0.1960854530334472,0.0974225178360939,0.2584334015846252,0.1595937013626098,0.1172857135534286,0.0346504710614681,0.1553693562746048,0.0296823028475046,0.2978671491146087,0.4984525144100189,0.26351398229599,0.3544595241546631,0.1478168964385986,0.1305049061775207,0.1866267919540405,0.0745778530836105,0.1793008744716644,0.0933785662055015,0.1486845761537552,0.0841024816036224,0.2943420112133026,0.0626026317477226
0.2594196200370788,0.1983927935361862,0.0485441759228706,0.0825580805540084,0.5446918606758118,0.6300398111343384,0.0906658247113227,0.3957515954971313,0.0213720425963401,0.3248734772205353,0.07190603017807,0.3655377030372619,0.1780630648136139,0.0657578185200691,0.6047869920730591,0.0769376307725906,0.0703692287206649,0.248266726732254,0.0283393710851669,0.1996735632419586,0.0979282110929489,0.2414603978395462,0.1620630621910095,0.1250975430011749,0.0446623563766479,0.1465853899717331,0.0302449613809585,0.3018538355827331,0.5206865072250366,0.2461514174938202,0.3620895743370056,0.1437025666236877,0.1243623346090316,0.1808703243732452,0.0736624747514724,0.1585184931755066,0.0808492451906204,0.1235654056072235,0.0807375013828277,0.3035301864147186,0.0646766722202301
0.2837831676006317,0.1928859502077102,0.0439382791519165,0.0967679172754287,0.512101948261261,0.6021510362625122,0.1057892888784408,0.3624294996261596,0.0156372934579849,0.3318128585815429,0.0919104069471359,0.3826886415481567,0.1465751826763153,0.0614202842116355,0.5866196751594543,0.0778746902942657,0.0776118338108062,0.3047304451465606,0.0323376581072807,0.1908138692378997,0.0930313616991043,0.2505399286746979,0.1583073586225509,0.1163794547319412,0.0388788357377052,0.1385866105556488,0.0315408557653427,0.3000578880310058,0.5036119818687439,0.2605107426643371,0.3566410541534424,0.1537128090858459,0.1310768723487854,0.1804527193307876,0.076264314353466,0.1763404309749603,0.0926197469234466,0.1291432678699493,0.0871958956122398,0.2989272773265838,0.0664602667093277
0.2668533325195312,0.2063746005296707,0.0421805009245872,0.0840231031179428,0.552888035774231,0.6342308521270752,0.0926697552204132,0.4046043753623962,0.020895130932331,0.3084404766559601,0.0740411281585693,0.3606643080711365,0.1807746291160583,0.0639733150601387,0.6123197078704834,0.0750202313065528,0.0653340891003608,0.237693503499031,0.0393838882446289,0.1835114359855651,0.0913367792963981,0.23581562936306,0.1659523099660873,0.1055296957492828,0.0425176098942756,0.1445754617452621,0.0274316631257534,0.2986425459384918,0.5205817818641663,0.2433397471904754,0.3620300889015198,0.1448315531015396,0.1344248205423355,0.1791413128376007,0.0697343647480011,0.1537096053361892,0.0782643258571624,0.1162266135215759,0.0752839595079422,0.2969517111778259,0.0583082437515258
0.2689607739448547,0.2078209817409515,0.0417512319982051,0.0847822874784469,0.5539445281028748,0.6342242360115051,0.093170940876007,0.4076296687126159,0.0206816270947456,0.3128417432308197,0.0748737007379531,0.3632885813713074,0.1814043223857879,0.0637847930192947,0.6155961155891418,0.0748265609145164,0.0660665184259414,0.2374647259712219,0.0393144488334655,0.1847464442253112,0.0905037969350814,0.2364765107631683,0.1668990552425384,0.105519913136959,0.0422752127051353,0.1456007361412048,0.027474882081151,0.2981987595558166,0.5204119682312012,0.243058905005455,0.3635386228561401,0.1449915766716003,0.134230762720108,0.1779786795377731,0.0702112391591072,0.153661623597145,0.0783938318490982,0.1162453666329383,0.075264997780323,0.2942126095294952,0.0580555200576782
0.273339569568634,0.2097246050834655,0.0400998517870903,0.0850884616374969,0.5478525161743164,0.6398743391036987,0.0909687131643295,0.413895308971405,0.0209974534809589,0.3241290152072906,0.0787578672170639,0.3693851232528686,0.187885046005249,0.0640674084424972,0.6119039058685303,0.0762930810451507,0.0682465136051178,0.2437862157821655,0.0402654446661472,0.1980844736099243,0.0892867892980575,0.2430423647165298,0.170346662402153,0.1064188852906227,0.0425892621278762,0.1443666815757751,0.0276192650198936,0.3009675741195678,0.5145977139472961,0.2448670864105224,0.3584612011909485,0.1457142382860183,0.1358839273452758,0.1771174967288971,0.0706619769334793,0.1537054032087326,0.0785969346761703,0.1182380393147468,0.0765826702117919,0.2945931553840637,0.0636182948946952
0.2708241939544678,0.2089927196502685,0.0394656583666801,0.0861472785472869,0.5421607494354248,0.6360732316970825,0.0904868468642234,0.4110113978385925,0.0214639939367771,0.3181462287902832,0.0749210566282272,0.3659610152244568,0.1854082494974136,0.0650521069765091,0.60468989610672,0.0769830048084259,0.0696694254875183,0.246720403432846,0.0407886952161788,0.1938080638647079,0.086555927991867,0.2446214854717254,0.1684835404157638,0.1086105182766914,0.0430641546845436,0.1461449265480041,0.0284388680011034,0.3031704425811767,0.5187424421310425,0.2458002120256424,0.3607733845710754,0.1464596539735794,0.1363355219364166,0.1783418655395507,0.0714538246393203,0.1550312340259552,0.0783203244209289,0.1184098944067955,0.0765651315450668,0.2970401644706726,0.0649937316775322
0.2556773424148559,0.1800999939441681,0.0461048111319541,0.0795027539134025,0.5400217771530151,0.6040167808532715,0.1276165693998336,0.3835538029670715,0.0193756930530071,0.3151301741600036,0.0931340306997299,0.3711115717887878,0.1473751068115234,0.0670474469661712,0.5511995553970337,0.0792815685272216,0.0793490335345268,0.2780070006847381,0.0298599041998386,0.155217245221138,0.0786724388599395,0.2598974704742431,0.1376299858093261,0.1225238591432571,0.0454686656594276,0.168713241815567,0.0250025689601898,0.300994873046875,0.5031242370605469,0.2500007152557373,0.3587865829467773,0.1456319391727447,0.123068630695343,0.1869706660509109,0.0736937820911407,0.1577264666557312,0.0841231942176818,0.1441098302602768,0.0804660767316818,0.2860967218875885,0.0586165152490139
0.2605603337287903,0.1827956289052963,0.0462729483842849,0.0805515497922897,0.5453699231147766,0.6051892638206482,0.1266345083713531,0.3876993656158447,0.0192574653774499,0.3192797005176544,0.094224065542221,0.3717058897018432,0.1523308455944061,0.0674452036619186,0.5585088133811951,0.0790723115205764,0.0802604854106903,0.279035210609436,0.0303006395697593,0.160034492611885,0.0806943923234939,0.2598963379859924,0.1387567073106765,0.1228730082511901,0.0452193953096866,0.1695133447647094,0.0308959037065505,0.3005129098892212,0.5016272068023682,0.2506109476089477,0.3591313064098358,0.1453609764575958,0.1227079629898071,0.1874784231185913,0.0742728412151336,0.1582861393690109,0.0850492790341377,0.1444278359413147,0.0806820541620254,0.2853489518165588,0.0592178478837013
0.2698909938335418,0.1763060837984085,0.0466979630291461,0.0818133652210235,0.5417903661727905,0.5969324111938477,0.0869088396430015,0.3807534873485565,0.0197409465909004,0.3077301979064941,0.0923540815711021,0.3615158796310425,0.1490253508090973,0.0668188482522964,0.5640791654586792,0.0773864537477493,0.0769562572240829,0.2756907343864441,0.029828917235136,0.1525110602378845,0.0785121470689773,0.2621860206127167,0.1346112787723541,0.120790883898735,0.0461466759443283,0.138110339641571,0.0310977958142757,0.3013056516647339,0.4963067770004272,0.2486006617546081,0.3553935885429382,0.1427312344312667,0.1211353093385696,0.1801481246948242,0.0722973719239234,0.1590774357318878,0.0832963287830352,0.1430107951164245,0.0814486891031265,0.2912148833274841,0.0573623105883598
0.2700193524360657,0.1770645380020141,0.0464645326137542,0.0821455270051956,0.5405622720718384,0.5968019962310791,0.0874526798725128,0.3819363713264465,0.0195011906325817,0.3078413009643554,0.0922129899263382,0.3622976243495941,0.1491227447986602,0.0668968111276626,0.5636423826217651,0.0770809426903724,0.0768023580312728,0.2750344276428222,0.0297986455261707,0.1530722081661224,0.0782074183225631,0.261066198348999,0.1341939866542816,0.120949886739254,0.0459923595190048,0.1383868008852005,0.0312354266643524,0.3008909225463867,0.4980922937393188,0.248229905962944,0.3560822010040283,0.142168253660202,0.1209132522344589,0.1798168718814849,0.0723731517791748,0.1588530838489532,0.0833780169486999,0.1425876021385193,0.081209123134613,0.2912554144859314,0.0569641701877117
0.2917927503585815,0.1882048845291137,0.0389516614377498,0.0809905752539634,0.5389696955680847,0.6101036667823792,0.1308722794055938,0.3922514915466308,0.0189598128199577,0.3133101165294647,0.0843522250652313,0.3792229890823364,0.1608407199382782,0.0613167807459831,0.5646349191665649,0.0758110582828521,0.0758750438690185,0.2747140228748321,0.0287098195403814,0.160542219877243,0.0790869444608688,0.2679769396781921,0.1423572748899459,0.115752525627613,0.0429675355553627,0.1325583904981613,0.0289699137210845,0.2941333651542663,0.4848925471305847,0.2502350509166717,0.3460258245468139,0.1436818540096283,0.1288747936487198,0.1789846271276474,0.0734402015805244,0.1569998413324356,0.0847688391804695,0.1409478783607483,0.080591470003128,0.2841496169567108,0.0580666735768318
0.2933544218540191,0.1880483925342559,0.0389260724186897,0.083064779639244,0.5405178070068359,0.608257532119751,0.1213510930538177,0.3916253447532654,0.0189990494400262,0.3094170987606048,0.0852512791752815,0.3761841654777527,0.1603839844465255,0.0613710135221481,0.5633621215820312,0.0751841142773628,0.0759038105607032,0.2743957638740539,0.0290326531976461,0.157707929611206,0.0769197344779968,0.2673143148422241,0.1412883549928665,0.1152611672878265,0.0433918312191963,0.1339483261108398,0.0294552333652973,0.2942598164081573,0.4869676828384399,0.2495904564857483,0.3468557000160217,0.143888309597969,0.1284868121147155,0.1782475560903549,0.0738527476787567,0.1570328325033188,0.0839219093322753,0.1411011517047882,0.0804235637187957,0.2848701477050781,0.05748300999403
0.273209273815155,0.1905595064163208,0.0427385121583938,0.0876127332448959,0.5411438345909119,0.5753037929534912,0.0919214412569999,0.3761084079742431,0.0209915861487388,0.2665386795997619,0.0726919025182724,0.3365458846092224,0.1594949662685394,0.0670277923345565,0.5650100111961365,0.074996069073677,0.0655431076884269,0.2407496720552444,0.0391025468707084,0.1468951404094696,0.0669819712638855,0.2350684106349945,0.1478960216045379,0.1094218492507934,0.0461768843233585,0.1497183740139007,0.0309197474271059,0.3000720143318176,0.5308959484100342,0.2390792071819305,0.357811689376831,0.1418805569410324,0.1245135366916656,0.1719492375850677,0.0704376995563507,0.164711520075798,0.0767472833395004,0.1159955859184265,0.0741078704595565,0.3146678507328033,0.0592697784304618
0.2708450853824615,0.1898939162492752,0.0412640273571014,0.0890001654624939,0.5414401292800903,0.5777269005775452,0.0929671376943588,0.3749750852584839,0.0209450330585241,0.267347902059555,0.0721307769417762,0.3357675671577453,0.1598035097122192,0.0681089833378791,0.5660287141799927,0.0748515725135803,0.0665163695812225,0.2418721169233322,0.0395079478621482,0.1464240998029709,0.0680848136544227,0.2364634275436401,0.1472204625606537,0.1114645898342132,0.0472629033029079,0.1705309748649597,0.0316832959651947,0.2998811602592468,0.5314273834228516,0.2392704337835312,0.3575588464736938,0.1424410343170166,0.1245008409023284,0.1718195080757141,0.0705356150865554,0.1674251407384872,0.0774204581975936,0.1170374006032943,0.0744708105921745,0.3146765232086181,0.0596155673265457
0.2644351124763489,0.1930399388074875,0.0392382517457008,0.097861647605896,0.5442759990692139,0.6009345054626465,0.0870288163423538,0.3660054206848144,0.0208219140768051,0.2951415181159973,0.0872276425361633,0.3496538996696472,0.1745676100254058,0.0684707015752792,0.5845546126365662,0.0805166810750961,0.0689530000090599,0.2448849380016327,0.0302780270576477,0.1544174551963806,0.088995337486267,0.2380439937114715,0.1508213430643081,0.1287459731101989,0.0484044626355171,0.167967289686203,0.0321928523480892,0.3010768890380859,0.5183444023132324,0.2525433897972107,0.3651105761528015,0.1508977562189102,0.13547183573246,0.1870032846927642,0.0736485943198204,0.1718308627605438,0.0882280170917511,0.1438103318214416,0.0759624987840652,0.307360827922821,0.06460802257061
0.2649922370910644,0.1938121616840362,0.0406128242611885,0.0969758480787277,0.545835018157959,0.6020910143852234,0.0858887210488319,0.3675901293754577,0.0209301151335239,0.2975533902645111,0.083328902721405,0.3537209630012512,0.1722855865955352,0.0672290921211242,0.5879174470901489,0.0810888186097145,0.0686072260141372,0.2450525611639022,0.0300128273665905,0.1570645421743393,0.0937729179859161,0.23879075050354,0.1515046507120132,0.1275690793991089,0.0477976538240909,0.166936919093132,0.0310932174324989,0.2997953295707702,0.5147422552108765,0.2519364356994629,0.3636248409748077,0.1501364707946777,0.1352927535772323,0.1872298121452331,0.073270745575428,0.17071433365345,0.0881596505641937,0.1435389965772628,0.0762165412306785,0.3052263259887695,0.0642191395163536
0.2699602842330932,0.1992456167936325,0.0407024919986724,0.0998876988887786,0.5393935441970825,0.6228834390640259,0.0845864191651344,0.3795878887176513,0.0202847383916378,0.3001033663749695,0.0803444236516952,0.3730677962303161,0.1837921142578125,0.0664556100964546,0.6055971384048462,0.079100027680397,0.0720851495862007,0.2359884083271026,0.0288111828267574,0.1781386435031891,0.106396272778511,0.2414368093013763,0.1463607102632522,0.1193742603063583,0.0456233210861682,0.1462739557027816,0.027491245418787,0.2953898012638092,0.5024899244308472,0.2515263557434082,0.3560810387134552,0.1505180299282074,0.1379602253437042,0.1911578178405761,0.0745889618992805,0.1691568344831466,0.0858552902936935,0.1412273198366165,0.0766834914684295,0.2937678098678589,0.0633240491151809
0.2683933973312378,0.1982690244913101,0.0402496978640556,0.1003076583147049,0.5393575429916382,0.6219992637634277,0.0845953747630119,0.3794064521789551,0.0204370729625225,0.299627423286438,0.080704890191555,0.3717743456363678,0.1831369251012802,0.0666868016123771,0.6034157276153564,0.0790893137454986,0.0723001062870025,0.2353785932064056,0.029128473252058,0.1765521913766861,0.105457916855812,0.2419439554214477,0.1447707414627075,0.1199078932404518,0.0458861142396926,0.1465140134096145,0.0276243314146995,0.2955777943134308,0.5031940937042236,0.2507191300392151,0.3563221096992492,0.1501289904117584,0.1376999467611313,0.1906981468200683,0.0746387541294097,0.1694969832897186,0.0854375511407852,0.1413245499134063,0.0766705274581909,0.2948903143405914,0.0633499324321746
0.2705915868282318,0.1898933351039886,0.0416948981583118,0.100646436214447,0.5407761931419373,0.5822492241859436,0.0868259593844413,0.3743660449981689,0.0216324478387832,0.2797695100307464,0.0798372998833656,0.3577666878700256,0.1626282036304474,0.0669396072626113,0.5912798643112183,0.0778931826353073,0.0676002874970436,0.2406832128763198,0.0403298027813434,0.1602620184421539,0.088958591222763,0.2434100806713104,0.1500725597143173,0.117031529545784,0.0450607314705848,0.1524297595024109,0.0299947839230299,0.2959993481636047,0.514526903629303,0.2435321509838104,0.3564661145210266,0.1449473053216934,0.128593623638153,0.1738976538181305,0.0716842487454414,0.1632453799247741,0.0818508565425872,0.1205616891384124,0.0785786658525466,0.2990399003028869,0.0591076798737049
0.2693304419517517,0.1879786849021911,0.041864801198244,0.0896037220954895,0.5352404117584229,0.6193366050720215,0.086818978190422,0.3708844482898712,0.021981805562973,0.2780201137065887,0.0814300328493118,0.3543737828731537,0.1622185409069061,0.0672280117869377,0.5916231870651245,0.0786474347114563,0.0674769580364227,0.2401821315288543,0.040696233510971,0.1590538918972015,0.0899874493479728,0.2449184507131576,0.1513472944498062,0.1173787713050842,0.0451874807476997,0.1526891440153122,0.0302957892417907,0.2974482774734497,0.5154836177825928,0.2439592480659485,0.3579340577125549,0.1461214274168014,0.130167081952095,0.1743135750293731,0.0715432614088058,0.1648168265819549,0.0825339704751968,0.1216523051261901,0.0793491005897522,0.2999078035354614,0.0586098209023475
0.2886615693569183,0.1912648230791092,0.0481480546295642,0.0900824517011642,0.5268349051475525,0.5949403047561646,0.1217430084943771,0.3789193332195282,0.0211094915866851,0.2782725095748901,0.0805766582489013,0.3530200719833374,0.1600496172904968,0.0711394399404525,0.569530725479126,0.0784224793314933,0.0732220560312271,0.2576963305473327,0.0303392019122838,0.1589847058057785,0.0788208693265914,0.2499406486749649,0.1551874727010727,0.1222565919160842,0.0462687760591506,0.1474644541740417,0.0330763831734657,0.2993910908699035,0.5237014293670654,0.2500788271427154,0.3649722337722778,0.1412668526172638,0.1137021034955978,0.1770551949739456,0.0730152130126953,0.1672984361648559,0.0843825489282608,0.1243931204080581,0.0803633406758308,0.3072249293327331,0.0634442269802093
0.2749695777893066,0.1870420277118683,0.0480954572558403,0.0858523100614547,0.5297361612319946,0.6116920709609985,0.1202587708830833,0.3740911185741424,0.021257322281599,0.2882551550865173,0.0812679752707481,0.3593773245811462,0.1574449390172958,0.0701084658503532,0.5750507712364197,0.0795367956161499,0.0724738612771034,0.2536433339118957,0.0302355028688907,0.1635792553424835,0.0837875977158546,0.2468130141496658,0.1550333350896835,0.1198813170194625,0.0458315648138523,0.1711642146110534,0.0319544076919555,0.2991954684257507,0.522794246673584,0.2487090080976486,0.3653582036495209,0.1441817879676818,0.1178250089287757,0.1802174896001815,0.0738095790147781,0.1657812148332595,0.0859419256448745,0.1252813339233398,0.0820968523621559,0.3031224012374878,0.0632334798574447
